Min = 1 Max = 2
Running TDDD archive
0
200
400
600
800
1000
1200
1400
1600
1800
2000
2200
2400
2600
2800
3000
3200
3400
3600
3800
4000
4200
4400
4600
4800
Printing last weeks
100 151.96449383234528 0.8136201623561415
150 229.77685417405507 0.8488182152512951
200 306.09884238029707 0.7527233506012792
250 382.0796478187968 0.6933774183304113
300 464.96235774720896 0.7791047562430053
350 541.1318030202264 0.7896459984842731
400 624.1937878735141 0.6715038327138529
450 674.0723455708287 0.6761135920110452
500 770.7567005130196 0.7302258405263552
550 844.3372578725144 0.7191080687507053
600 934.666118846237 0.7271574355862699
650 1001.66160074042 0.7925006032151284
700 1072.9449075895548 0.6600926061872421
750 1150.6222256194424 0.7051494331151412
800 1249.583860697817 0.6325817794726178
850 1301.2415107192305 0.7614876806515148
900 1373.325675922412 0.6972297995446343
950 1452.8792548711108 0.7712591841670089
1000 1533.3585012518643 0.7228259244422152
Printing last month
100 151.96449383234528 0.7648317589222725
150 229.77685417405507 0.7922903318687443
200 306.09884238029707 0.698456772883882
250 382.0796478187968 0.6401564393037866
300 464.96235774720896 0.7211455012625961
350 541.1318030202264 0.7262561191426677
400 624.1937878735141 0.6164377442095531
450 674.0723455708287 0.6181562748085992
500 770.7567005130196 0.6702614516056377
550 844.3372578725144 0.6614028930819363
600 934.666118846237 0.6665330685431305
650 1001.66160074042 0.725058944674702
700 1072.9449075895548 0.6049934347010174
750 1150.6222256194424 0.644516553439587
800 1249.583860697817 0.5784623561857637
850 1301.2415107192305 0.7028701972175442
900 1373.325675922412 0.6412097307657771
950 1452.8792548711108 0.7112010214079708
1000 1533.3585012518643 0.6632724141415185
Printing last year
100 151.96449383234528 0.3884839533574367
150 229.77685417405507 0.3521758781024604
200 306.09884238029707 0.2856170646401616
250 382.0796478187968 0.23350397463693015
300 464.96235774720896 0.28141286164252766
350 541.1318030202264 0.2558113037304028
400 624.1937878735141 0.2044930185657473
450 674.0723455708287 0.1550258601491651
500 770.7567005130196 0.20866085134124748
550 844.3372578725144 0.22877840098436314
600 934.666118846237 0.1978494479843625
650 1001.66160074042 0.2110934636768895
700 1072.9449075895548 0.1969455234599347
750 1150.6222256194424 0.16386818324807123
800 1249.583860697817 0.16273988193018216
850 1301.2415107192305 0.24248606404017867
900 1373.325675922412 0.19390549021691825
950 1452.8792548711108 0.24258176550318997
1000 1533.3585012518643 0.21582828120290107
Min = 1 Max = 3
Running TDDD archive
0
200
400
600
800
1000
1200
1400
1600
1800
2000
2200
2400
2600
2800
3000
3200
3400
3600
3800
4000
4200
4400
4600
4800
Printing last weeks
100 181.71017148719025 0.9360137574974368
150 278.84902353022585 0.9287021089469302
200 366.8159230211233 0.90488926156765
250 469.5062730219164 0.8677629882597735
300 574.8388205955152 0.8958675918163377
350 653.7977584991787 0.9149726481219594
400 769.4219840349731 0.8549047950190855
450 800.9750374945204 0.8412899342610116
500 937.7938642699147 0.9029547460977547
550 1032.5531580999962 0.8806526810767511
600 1158.413068961651 0.8804145730610501
650 1194.307334387644 0.8938575594721715
700 1310.1175415142102 0.8468179935157366
750 1405.3039010836023 0.8444521871765306
800 1564.2592989627665 0.8236784927888641
850 1577.1998287518538 0.8730992740414766
900 1764.5926278272455 0.8688002467604128
950 1719.9744436238125 0.8721734917355461
1000 1910.3879007903986 0.8637128791000425
Printing last month
100 181.71017148719025 0.8769450642927801
150 278.84902353022585 0.8647707572966823
200 366.8159230211233 0.839633733992132
250 469.5062730219164 0.8008172906033804
300 574.8388205955152 0.8266062819999461
350 653.7977584991787 0.8424587219561862
400 769.4219840349731 0.7857094863213626
450 800.9750374945204 0.7718062722473178
500 937.7938642699147 0.8294752527164412
550 1032.5531580999962 0.8097031684330627
600 1158.413068961651 0.8076768357281473
650 1194.307334387644 0.8190678884589594
700 1310.1175415142102 0.774402623777325
750 1405.3039010836023 0.7712316473701433
800 1564.2592989627665 0.7525338518280924
850 1577.1998287518538 0.8027535643157154
900 1764.5926278272455 0.7967533444882396
950 1719.9744436238125 0.8002625921055004
1000 1910.3879007903986 0.7893133618976195
Printing last year
100 181.71017148719025 0.42249246436049503
150 278.84902353022585 0.374864951763318
200 366.8159230211233 0.3430706355033308
250 469.5062730219164 0.2961892893570113
300 574.8388205955152 0.3022175621334977
350 653.7977584991787 0.29473283271382517
400 769.4219840349731 0.25752575420180834
450 800.9750374945204 0.23474409542230018
500 937.7938642699147 0.2895493575138656
550 1032.5531580999962 0.2699873292778789
600 1158.413068961651 0.2546586538162483
650 1194.307334387644 0.2490671837329659
700 1310.1175415142102 0.2396197166006339
750 1405.3039010836023 0.20943742366919954
800 1564.2592989627665 0.21592072249885333
850 1577.1998287518538 0.2652887026269195
900 1764.5926278272455 0.23416495683117347
950 1719.9744436238125 0.2524860318848787
1000 1910.3879007903986 0.21867101790231405
Min = 1 Max = 4
Running TDDD archive
0
200
400
600
800
1000
1200
1400
1600
1800
2000
2200
2400
2600
2800
3000
3200
3400
3600
3800
4000
4200
4400
4600
4800
Printing last weeks
100 195.39246063314417 0.9463003104206833
150 302.79959129445564 0.9383229065893409
200 396.8222576655189 0.9336315352256898
250 516.9441439771354 0.903037154087288
300 638.2568533015162 0.919101621681526
350 732.9802725021963 0.9128363012846561
400 851.0789259662562 0.9049310704166605
450 875.823874586797 0.9162024908377057
500 1052.3239855395118 0.9213067279132436
550 1153.0809673805322 0.9140536935815883
600 1332.4438153056844 0.9166061404049944
650 1360.8575119762058 0.9208412755802385
700 1508.0352219092981 0.9024321744658614
750 1586.1839197544928 0.9000904385515897
800 1823.687303153412 0.8997740716561745
850 1754.5074584558383 0.8981785732588903
900 2033.6683270164522 0.8971854032710274
950 1926.9701532486097 0.9008009885445207
1000 2257.366985723519 0.896031788191358
Printing last month
100 195.39246063314417 0.8857219092220578
150 302.79959129445564 0.8730978338786218
200 396.8222576655189 0.8657919718920378
250 516.9441439771354 0.8333877180912785
300 638.2568533015162 0.8468911557641517
350 732.9802725021963 0.8386156901741605
400 851.0789259662562 0.832124955117498
450 875.823874586797 0.8432724063639895
500 1052.3239855395118 0.8464237419813763
550 1153.0809673805322 0.8404726312368467
600 1332.4438153056844 0.8395243598110387
650 1360.8575119762058 0.8430353601098386
700 1508.0352219092981 0.824740659173346
750 1586.1839197544928 0.823262347677966
800 1823.687303153412 0.8232507530776371
850 1754.5074584558383 0.8237125410303655
900 2033.6683270164522 0.8198355834599562
950 1926.9701532486097 0.8249769796477044
1000 2257.366985723519 0.817763094360636
Printing last year
100 195.39246063314417 0.41863468800504317
150 302.79959129445564 0.3729447398810363
200 396.8222576655189 0.34990117203585563
250 516.9441439771354 0.31435277283281843
300 638.2568533015162 0.29451988926274836
350 732.9802725021963 0.28234477982279693
400 851.0789259662562 0.2810845079934199
450 875.823874586797 0.28914770784232685
500 1052.3239855395118 0.2921879809162819
550 1153.0809673805322 0.2836856730083674
600 1332.4438153056844 0.26004579301200986
650 1360.8575119762058 0.24479826149111017
700 1508.0352219092981 0.23365627124235436
750 1586.1839197544928 0.23292540759858069
800 1823.687303153412 0.22996809572725488
850 1754.5074584558383 0.25870540501541983
900 2033.6683270164522 0.2192555079147647
950 1926.9701532486097 0.2532717603298484
1000 2257.366985723519 0.21826698992028068
Min = 1 Max = 5
Running TDDD archive
0
200
400
600
800
1000
1200
1400
1600
1800
2000
2200
2400
2600
2800
3000
3200
3400
3600
3800
4000
4200
4400
4600
4800
Printing last weeks
100 202.65401912683149 0.9483170795866165
150 316.5938787351154 0.9394066268022085
200 411.4508849066551 0.9375194392300612
250 551.4879100607874 0.8994725872775778
300 680.3080299615431 0.9317821383337705
350 778.7793714058736 0.9144393114162666
400 930.9799977247574 0.9261280483645241
450 919.3564723342452 0.9225036258874477
500 1117.1093585216952 0.9271147359028452
550 1202.0176955497159 0.9204003946629551
600 1467.6290655827454 0.9211753565833795
650 1429.7474978835223 0.9238841197841637
700 1634.6293243374628 0.9132874690005383
750 1677.021303300945 0.9085069520891985
800 1968.4439654907685 0.911295751054374
850 1854.4706429630073 0.9089453893192512
900 2245.30465451283 0.9077447303046507
950 2033.8239561174132 0.9115717860057995
1000 2351.3395737285614 0.90797411335714
Printing last month
100 202.65401912683149 0.886967745343662
150 316.5938787351154 0.8737000728705293
200 411.4508849066551 0.8689548448939285
250 551.4879100607874 0.8293706445008655
300 680.3080299615431 0.8585780547142698
350 778.7793714058736 0.8390163229983004
400 930.9799977247574 0.8522322513905964
450 919.3564723342452 0.8481406679607342
500 1117.1093585216952 0.8518990525478319
550 1202.0176955497159 0.8453324265277654
600 1467.6290655827454 0.84334054090441
650 1429.7474978835223 0.8457365686851168
700 1634.6293243374628 0.8342812455215874
750 1677.021303300945 0.8297707125997378
800 1968.4439654907685 0.8335379347597826
850 1854.4706429630073 0.8332564531374479
900 2245.30465451283 0.8285194434622286
950 2033.8239561174132 0.8347463886898189
1000 2351.3395737285614 0.8280811891610025
Printing last year
100 202.65401912683149 0.41201896878926236
150 316.5938787351154 0.3690633662584282
200 411.4508849066551 0.3463516577023628
250 551.4879100607874 0.3059315493679279
300 680.3080299615431 0.29912690492250693
350 778.7793714058736 0.27907178556608625
400 930.9799977247574 0.2836033160559849
450 919.3564723342452 0.2817205702608583
500 1117.1093585216952 0.29457519297378426
550 1202.0176955497159 0.2791806523659824
600 1467.6290655827454 0.24039743181692083
650 1429.7474978835223 0.2439648431229298
700 1634.6293243374628 0.22753014859735426
750 1677.021303300945 0.23072980638609772
800 1968.4439654907685 0.23171262160377534
850 1854.4706429630073 0.2583061740852853
900 2245.30465451283 0.21834683092184606
950 2033.8239561174132 0.25355483312637384
1000 2351.3395737285614 0.21537441200153676
Min = 1 Max = 6
Running TDDD archive
0
200
400
600
800
1000
1200
1400
1600
1800
2000
2200
2400
2600
2800
3000
3200
3400
3600
3800
4000
4200
4400
4600
4800
Printing last weeks
100 206.3330108195775 0.9489962392380239
150 326.6045916050317 0.9377231603248589
200 419.44069836662123 0.9389823760150733
250 568.9280573721658 0.9247495447488131
300 700.4462897258672 0.9332090486570511
350 809.7316677027679 0.9325059678200025
400 978.403673326991 0.9294469345174781
450 941.6584112673258 0.9248845237183718
500 1160.3112906384415 0.9294316880016599
550 1228.2597028950518 0.9234741199407284
600 1522.0717875822518 0.9237117029412337
650 1473.9095696178263 0.924969207450151
700 1683.695609113827 0.9178960033125005
750 1772.6376952334756 0.9122698461870532
800 2106.8199334976152 0.9112364353641839
850 1903.4319367313426 0.9144344691284897
900 2377.7179595531584 0.912700816573204
950 2111.968221770642 0.9163360891155261
1000 2552.6978852269076 0.9133337575346226
Printing last month
100 206.3330108195775 0.8873850972132515
150 326.6045916050317 0.8716814775007901
200 419.44069836662123 0.8700499749177861
250 568.9280573721658 0.8543308486694111
300 700.4462897258672 0.85954053821505
350 809.7316677027679 0.8571451105538123
400 978.403673326991 0.8548799535046674
450 941.6584112673258 0.8497423972082109
500 1160.3112906384415 0.8541371952501837
550 1228.2597028950518 0.8480683165495047
600 1522.0717875822518 0.8455080338068987
650 1473.9095696178263 0.8466670332195283
700 1683.695609113827 0.8379644987510555
750 1772.6376952334756 0.8329865612116321
800 2106.8199334976152 0.8324572955542503
850 1903.4319367313426 0.8377760628119503
900 2377.7179595531584 0.8328528777618678
950 2111.968221770642 0.8386695615099359
1000 2552.6978852269076 0.8321720798341132
Printing last year
100 206.3330108195775 0.41198536763868443
150 326.6045916050317 0.3634020468291847
200 419.44069836662123 0.34460016503795005
250 568.9280573721658 0.32807236403173046
300 700.4462897258672 0.2946910800185273
350 809.7316677027679 0.28015558177203886
400 978.403673326991 0.28177593192099415
450 941.6584112673258 0.27626785734882775
500 1160.3112906384415 0.2943951425049037
550 1228.2597028950518 0.27893334970855815
600 1522.0717875822518 0.23954454367874264
650 1473.9095696178263 0.24295597505460143
700 1683.695609113827 0.22405557689784847
750 1772.6376952334756 0.23019836988326828
800 2106.8199334976152 0.22439346487413528
850 1903.4319367313426 0.25806081041046747
900 2377.7179595531584 0.21820437254627786
950 2111.968221770642 0.25313882481789163
1000 2552.6978852269076 0.2087744077698477
Min = 1 Max = 7
Running TDDD archive
0
200
400
600
800
1000
1200
1400
1600
1800
2000
2200
2400
2600
2800
3000
3200
3400
3600
3800
4000
4200
4400
4600
4800
Printing last weeks
100 207.8073405671994 0.9492721361477182
150 329.56946682246917 0.9440600005467233
200 424.4006934631578 0.9394427210201328
250 583.776273357233 0.93730368997164
300 714.4137976336929 0.9339447979522214
350 830.583015481313 0.93260234632465
400 1003.7216573714561 0.9310065247564956
450 953.7689626047786 0.9260621155225043
500 1173.8325609417486 0.9307507315362922
550 1257.2941913535271 0.9249544404348442
600 1568.6625290275542 0.9249521874404462
650 1493.000240741295 0.9254897601222752
700 1738.87960282155 0.9202713237584265
750 1813.6749402234773 0.913653720481369
800 2195.180212502497 0.9111118563392484
850 1934.8443075773894 0.9173260731013855
900 2459.722427306032 0.9148065620794251
950 2145.953663836764 0.9187863353773621
1000 2627.5917055560426 0.9158605129044116
Printing last month
100 207.8073405671994 0.8875925056763659
150 329.56946682246917 0.8779348195735431
200 424.4006934631578 0.8704449524252249
250 583.776273357233 0.8666931086249537
300 714.4137976336929 0.8601702563397866
350 830.583015481313 0.8569601809708292
400 1003.7216573714561 0.8562320869891175
450 953.7689626047786 0.8504755150876627
500 1173.8325609417486 0.8552704067833876
550 1257.2941913535271 0.848964142649558
600 1568.6625290275542 0.8464472882116882
650 1493.000240741295 0.8470453130705615
700 1738.87960282155 0.8400222426008448
750 1813.6749402234773 0.8341091761657493
800 2195.180212502497 0.8318694667665298
850 1934.8443075773894 0.8402863726886681
900 2459.722427306032 0.8347504761155511
950 2145.953663836764 0.8407534553240298
1000 2627.5917055560426 0.834241439865028
Printing last year
100 207.8073405671994 0.41222393740557645
150 329.56946682246917 0.36878501630099175
200 424.4006934631578 0.34505662556430644
250 583.776273357233 0.33876670668278014
300 714.4137976336929 0.2948765009487325
350 830.583015481313 0.27705490446025033
400 1003.7216573714561 0.28115048760158345
450 953.7689626047786 0.27471764552586614
500 1173.8325609417486 0.2950498534051453
550 1257.2941913535271 0.27862302289512525
600 1568.6625290275542 0.23877096570832787
650 1493.000240741295 0.2430733993796042
700 1738.87960282155 0.2239760871010058
750 1813.6749402234773 0.22918257313033535
800 2195.180212502497 0.22042261204243055
850 1934.8443075773894 0.25810512371743916
900 2459.722427306032 0.21804614140659487
950 2145.953663836764 0.2534337189438896
1000 2627.5917055560426 0.2087761781551759
Min = 1 Max = 8
Running TDDD archive
0
200
400
600
800
1000
1200
1400
1600
1800
2000
2200
2400
2600
2800
3000
3200
3400
3600
3800
4000
4200
4400
4600
4800
Printing last weeks
100 208.55416517566863 0.949385783942055
150 330.8552378849391 0.944127186312616
200 426.8203051518798 0.9398052871285058
250 594.2113734472667 0.9376668654100797
300 723.6779060535249 0.9343389685220886
350 836.666352477854 0.932644466803298
400 1021.1472846863825 0.9317959290181739
450 960.7057593882721 0.9269346885400644
500 1207.5358676048452 0.9310627613830386
550 1267.793364545008 0.9252187147968367
600 1582.427732722401 0.9257888266266528
650 1520.2841946375272 0.9256409127804391
700 1756.4935665919893 0.921609586992415
750 1856.6263728749248 0.9117870968832354
800 2213.9564658024624 0.9124563230061642
850 1956.8605919876052 0.9184874333881209
900 2559.415386758101 0.9158012057035304
950 2168.876000410772 0.92020596219658
1000 2744.1844593200167 0.9172338329451537
Printing last month
100 208.55416517566863 0.8876699800188897
150 330.8552378849391 0.8779335763501718
200 426.8203051518798 0.8707362451618904
250 594.2113734472667 0.8670260725384416
300 723.6779060535249 0.8604864846533942
350 836.666352477854 0.8568798021037091
400 1021.1472846863825 0.856975269415177
450 960.7057593882721 0.8512003829653954
500 1207.5358676048452 0.8555254361679742
550 1267.793364545008 0.8492100384724797
600 1582.427732722401 0.8471546931956749
650 1520.2841946375272 0.8471444198155234
700 1756.4935665919893 0.8411665548439567
750 1856.6263728749248 0.8317720468423168
800 2213.9564658024624 0.8329896709178817
850 1956.8605919876052 0.8412973087885168
900 2559.415386758101 0.8357155209316142
950 2168.876000410772 0.8420100948964846
1000 2744.1844593200167 0.8354602706798965
Printing last year
100 208.55416517566863 0.4118477751399214
150 330.8552378849391 0.36888288026757093
200 426.8203051518798 0.3448845785859526
250 594.2113734472667 0.33856353937772815
300 723.6779060535249 0.29482943029085185
350 836.666352477854 0.27618827757128184
400 1021.1472846863825 0.28088414226321734
450 960.7057593882721 0.2741752870523837
500 1207.5358676048452 0.29412631947942725
550 1267.793364545008 0.2783079315199925
600 1582.427732722401 0.23827122637354622
650 1520.2841946375272 0.24283306902171087
700 1756.4935665919893 0.22367501724232067
750 1856.6263728749248 0.22275354032872102
800 2213.9564658024624 0.2202959829196565
850 1956.8605919876052 0.25815171795476777
900 2559.415386758101 0.21803153441084844
950 2168.876000410772 0.2530864423169725
1000 2744.1844593200167 0.2087133993495547
Min = 2 Max = 3
Running TDDD archive
0
200
400
600
800
1000
1200
1400
1600
1800
2000
2200
2400
2600
2800
3000
3200
3400
3600
3800
4000
4200
4400
4600
4800
Printing last weeks
100 251.46963686002292 0.7218653093021485
150 377.841184099782 0.7989249086605936
200 504.2453762399621 0.6755222556155454
250 628.619364019888 0.6621591239618565
300 754.724466039819 0.7565138764442335
350 882.3508166170988 0.7555575164754013
400 1018.6397317921675 0.6308405787927752
450 1112.4107749058523 0.6679508105273222
500 1252.8670954232784 0.775514445559986
550 1384.5718454085568 0.6622970374751943
600 1505.6897543064638 0.6539666078099493
650 1610.9334412225185 0.7798370392539778
700 1731.7678819978107 0.5410648859433048
750 1865.6058126899002 0.7197229546080314
800 2011.6320526312934 0.4962279905512474
850 2118.2667668245776 0.7434431425481153
900 2251.5392766290192 0.5395785792367407
950 2328.0732408685226 0.650249971643865
1000 2451.8801810002205 0.5704260617403005
Printing last month
100 251.46963686002292 0.6681109486730147
150 377.841184099782 0.7400491062772295
200 504.2453762399621 0.6199265719919743
250 628.619364019888 0.6049502228046062
300 754.724466039819 0.6982328105453303
350 882.3508166170988 0.6891897836797458
400 1018.6397317921675 0.5733672096210551
450 1112.4107749058523 0.6115794932690258
500 1252.8670954232784 0.7130636701151499
550 1384.5718454085568 0.6073492903622594
600 1505.6897543064638 0.5931345101378154
650 1610.9334412225185 0.7107682840687124
700 1731.7678819978107 0.4928095354971102
750 1865.6058126899002 0.6612641046112332
800 2011.6320526312934 0.44655626924309005
850 2118.2667668245776 0.6862146982180011
900 2251.5392766290192 0.48741457943932337
950 2328.0732408685226 0.5936402003203397
1000 2451.8801810002205 0.5144331705255595
Printing last year
100 251.46963686002292 0.27091368636852403
150 377.841184099782 0.2812760383281349
200 504.2453762399621 0.1975344826316313
250 628.619364019888 0.1900724136599349
300 754.724466039819 0.24192656554587186
350 882.3508166170988 0.19526072556464713
400 1018.6397317921675 0.12821285456386716
450 1112.4107749058523 0.15561735059460588
500 1252.8670954232784 0.2373312045292622
550 1384.5718454085568 0.18395943313816635
600 1505.6897543064638 0.11898311048779643
650 1610.9334412225185 0.18033445626319453
700 1731.7678819978107 0.11973529183702374
750 1865.6058126899002 0.182261048398823
800 2011.6320526312934 0.0846498402167984
850 2118.2667668245776 0.218164697528076
900 2251.5392766290192 0.057120633701233894
950 2328.0732408685226 0.13918779631846834
1000 2451.8801810002205 0.06851119835226119
Min = 2 Max = 4
Running TDDD archive
0
200
400
600
800
1000
1200
1400
1600
1800
2000
2200
2400
2600
2800
3000
3200
3400
3600
3800
4000
4200
4400
4600
4800
Printing last weeks
100 282.3136011012648 0.9289243255506642
150 420.18854057849427 0.9181970230508486
200 555.6932790558586 0.9147631403885074
250 699.3631567168875 0.8821445777410278
300 863.15917656398 0.8710374617364508
350 993.5745085177404 0.8808066349502564
400 1159.8783501665216 0.8619888246897142
450 1234.127984731129 0.8868361052588172
500 1451.1415631275083 0.8976247575440949
550 1574.7362822634364 0.8880058095913487
600 1759.0503149683414 0.8910345470773808
650 1828.8294583089887 0.8846147672671674
700 2019.2964582095142 0.8272539349920771
750 2137.775752824441 0.8405630152525819
800 2331.1024295366983 0.8514408278152671
850 2349.0390077367947 0.8648148682150769
900 2622.81062734195 0.8593081179849202
950 2642.691224391799 0.8650831047803301
1000 2814.0308755302294 0.8570085362217094
Printing last month
100 282.3136011012648 0.8641414308853378
150 420.18854057849427 0.8495761878184034
200 555.6932790558586 0.8438062515009366
250 699.3631567168875 0.8117473975973236
300 863.15917656398 0.7984043514927495
350 993.5745085177404 0.8046995110867823
400 1159.8783501665216 0.7887761771149163
450 1234.127984731129 0.8135973871143005
500 1451.1415631275083 0.8210546082248484
550 1574.7362822634364 0.8150759625430217
600 1759.0503149683414 0.815288216224899
650 1828.8294583089887 0.8064478893999065
700 2019.2964582095142 0.7517708982555178
750 2137.775752824441 0.7651205754824169
800 2331.1024295366983 0.7784783611644136
850 2349.0390077367947 0.7915353055176721
900 2622.81062734195 0.7845376567636887
950 2642.691224391799 0.7910842460401641
1000 2814.0308755302294 0.7816213568452502
Printing last year
100 282.3136011012648 0.3757778295796726
150 420.18854057849427 0.32546110060804845
200 555.6932790558586 0.31087363220867714
250 699.3631567168875 0.2867341754087217
300 863.15917656398 0.24858571056089598
350 993.5745085177404 0.23551679368504538
400 1159.8783501665216 0.2317007015361777
450 1234.127984731129 0.25409846559235344
500 1451.1415631275083 0.24995033321252277
550 1574.7362822634364 0.25963271395178994
600 1759.0503149683414 0.23917784219685928
650 1828.8294583089887 0.2097794088598108
700 2019.2964582095142 0.19407262515967308
750 2137.775752824441 0.1765955323845861
800 2331.1024295366983 0.2121267457093093
850 2349.0390077367947 0.22505058891028043
900 2622.81062734195 0.1997096535122866
950 2642.691224391799 0.23073164141416094
1000 2814.0308755302294 0.19965082011777976
Min = 2 Max = 5
Running TDDD archive
0
200
400
600
800
1000
1200
1400
1600
1800
2000
2200
2400
2600
2800
3000
3200
3400
3600
3800
4000
4200
4400
4600
4800
Printing last weeks
100 298.53103095757547 0.9402970757533202
150 446.2718330033395 0.9317571372584003
200 587.3023577942346 0.9300170341895732
250 752.0631511746343 0.8776388350418172
300 938.907554025614 0.9124518443843344
350 1094.2828093296089 0.9031342211763453
400 1258.4943487948644 0.9147234692879025
450 1297.1112329289522 0.9129721503113867
500 1565.0932230190215 0.9160652191263716
550 1686.215471880757 0.9118703956395487
600 1952.5940657786093 0.9107543641665842
650 1955.5895907162487 0.9177579433845113
700 2178.1258827075753 0.9004009020563679
750 2314.740864429173 0.8983453350569177
800 2505.490537193863 0.9000377871642656
850 2506.4768054904544 0.8961571281543221
900 2903.1485800957694 0.8889874687740326
950 2846.8528432879416 0.8984525675551625
1000 3087.3302807560385 0.8895841613335291
Printing last month
100 298.53103095757547 0.8741298183744218
150 446.2718330033395 0.862247001187524
200 587.3023577942346 0.857226018566219
250 752.0631511746343 0.8051027409691365
300 938.907554025614 0.8377721713309807
350 1094.2828093296089 0.8252786300711272
400 1258.4943487948644 0.8385941273095854
450 1297.1112329289522 0.8366690055005557
500 1565.0932230190215 0.8382068033789745
550 1686.215471880757 0.8360285794756549
600 1952.5940657786093 0.8318834487947581
650 1955.5895907162487 0.8380750117297583
700 2178.1258827075753 0.8210811987420158
750 2314.740864429173 0.8189280769115626
800 2505.490537193863 0.8221310528131847
850 2506.4768054904544 0.8191978943737881
900 2903.1485800957694 0.8098241480931702
950 2846.8528432879416 0.8216872205596023
1000 3087.3302807560385 0.8100271777808022
Printing last year
100 298.53103095757547 0.37159246618234015
150 446.2718330033395 0.33508108514103596
200 587.3023577942346 0.30941160645531246
250 752.0631511746343 0.2671413522252043
300 938.907554025614 0.2711064098533163
350 1094.2828093296089 0.2457987737674964
400 1258.4943487948644 0.255043288305409
450 1297.1112329289522 0.25476673620681234
500 1565.0932230190215 0.2556275209121139
550 1686.215471880757 0.260833013158863
600 1952.5940657786093 0.22395716547429373
650 1955.5895907162487 0.22471847277306664
700 2178.1258827075753 0.21396538343650726
750 2314.740864429173 0.20449224598291774
800 2505.490537193863 0.21876304072307495
850 2506.4768054904544 0.22557892845369326
900 2903.1485800957694 0.19704505995717608
950 2846.8528432879416 0.23839275147794467
1000 3087.3302807560385 0.19882939430935165
Min = 2 Max = 6
Running TDDD archive
0
200
400
600
800
1000
1200
1400
1600
1800
2000
2200
2400
2600
2800
3000
3200
3400
3600
3800
4000
4200
4400
4600
4800
Printing last weeks
100 306.88654534420914 0.9426046363331494
150 458.69725927959075 0.9330353955801963
200 602.0112977360914 0.9336160086287851
250 782.4669448057803 0.9082543942509144
300 972.0027173730085 0.9281099780098307
350 1139.0940719226614 0.9272861546122828
400 1343.216201392402 0.9204571609174661
450 1340.3632156836927 0.9190911686874828
500 1643.4181636726005 0.9210881320105834
550 1751.293342975017 0.9190949165201285
600 2043.6885820959976 0.9161786089614813
650 2029.808895099945 0.9210650491279139
700 2274.9567536798277 0.9099809296437044
750 2432.8593459831504 0.9060421883812979
800 2675.935508847054 0.9051904270158483
850 2623.892272269595 0.9069051156958957
900 3116.697671441129 0.8966626993442827
950 2939.232174739744 0.9091440355663791
1000 3297.2823263093715 0.8948214836051006
Printing last month
100 306.88654534420914 0.8761825825007338
150 458.69725927959075 0.8631784831262571
200 602.0112977360914 0.8605943772065742
250 782.4669448057803 0.8351476839649934
300 972.0027173730085 0.8513488576710195
350 1139.0940719226614 0.8494079469041925
400 1343.216201392402 0.8434265779505186
450 1340.3632156836927 0.8415139404045874
500 1643.4181636726005 0.8428460568056596
550 1751.293342975017 0.8422913446444816
600 2043.6885820959976 0.8365838101343362
650 2029.808895099945 0.8408935404670516
700 2274.9567536798277 0.8294193445453386
750 2432.8593459831504 0.8251543255752127
800 2675.935508847054 0.8261304421578348
850 2623.892272269595 0.8286385835680532
900 3116.697671441129 0.8159166295258206
950 2939.232174739744 0.8310842494982121
1000 3297.2823263093715 0.8131918960496053
Printing last year
100 306.88654534420914 0.36650030531655414
150 458.69725927959075 0.33245225052734245
200 602.0112977360914 0.3111261442984701
250 782.4669448057803 0.2920629889237326
300 972.0027173730085 0.26362183889143487
350 1139.0940719226614 0.2570562861517101
400 1343.216201392402 0.2532194774227198
450 1340.3632156836927 0.24893108157623606
500 1643.4181636726005 0.25691884086504896
550 1751.293342975017 0.261043824235757
600 2043.6885820959976 0.22188679582966758
650 2029.808895099945 0.22473180848528207
700 2274.9567536798277 0.21149464812203675
750 2432.8593459831504 0.2042833793329373
800 2675.935508847054 0.21265228819989188
850 2623.892272269595 0.2269800216511687
900 3116.697671441129 0.19311005569965087
950 2939.232174739744 0.2399786920381497
1000 3297.2823263093715 0.1831921279673195
Min = 2 Max = 7
Running TDDD archive
0
200
400
600
800
1000
1200
1400
1600
1800
2000
2200
2400
2600
2800
3000
3200
3400
3600
3800
4000
4200
4400
4600
4800
Printing last weeks
100 311.05102042251576 0.9433185029284235
150 464.22770102977114 0.9394484084512017
200 609.920815673552 0.9349277177877457
250 801.787810049581 0.9330971524315415
300 1005.9901801428839 0.9297906776951846
350 1176.0290004646417 0.9281897649964963
400 1384.4901519713862 0.9230783445309232
450 1365.6464219602017 0.9212935548751735
500 1673.5562336607154 0.9235180613557832
550 1789.03627918667 0.921363342726776
600 2113.9222553669815 0.9185852188876029
650 2063.2361890026486 0.9220806576252445
700 2331.797166851732 0.9142642082287965
750 2483.932829753092 0.9089125581226211
800 2785.2326493430446 0.9069628978492594
850 2686.43151098923 0.9119167645719882
900 3303.5205698640466 0.8988026191474898
950 3052.3584289147543 0.9138471871201596
1000 3522.0661631472913 0.899980316282201
Printing last month
100 311.05102042251576 0.8769128692671947
150 464.22770102977114 0.8696298845842899
200 609.920815673552 0.862102451145363
250 801.787810049581 0.8597234778218956
300 1005.9901801428839 0.8531447310834452
350 1176.0290004646417 0.8504968190653127
400 1384.4901519713862 0.8457328657786292
450 1365.6464219602017 0.8432226145220981
500 1673.5562336607154 0.8450236274119415
550 1789.03627918667 0.843885814031767
600 2113.9222553669815 0.8386910670187393
650 2063.2361890026486 0.8417956169014249
700 2331.797166851732 0.8333905903984828
750 2483.932829753092 0.8278358517293071
800 2785.2326493430446 0.827051539066482
850 2686.43151098923 0.8328514375583911
900 3303.5205698640466 0.8175711670299054
950 3052.3584289147543 0.8351186304132474
1000 3522.0661631472913 0.8178479670614658
Printing last year
100 311.05102042251576 0.3714478818483575
150 464.22770102977114 0.3382029245769387
200 609.920815673552 0.31387340401243236
250 801.787810049581 0.3140906354344697
300 1005.9901801428839 0.26404468970150125
350 1176.0290004646417 0.2575334047179046
400 1384.4901519713862 0.25434332950546945
450 1365.6464219602017 0.24648415235954083
500 1673.5562336607154 0.2571402345002149
550 1789.03627918667 0.2613372373357264
600 2113.9222553669815 0.22184793456955013
650 2063.2361890026486 0.2250546956529334
700 2331.797166851732 0.21107757869490176
750 2483.932829753092 0.204907396083373
800 2785.2326493430446 0.20928849912071748
850 2686.43151098923 0.22726188127633398
900 3303.5205698640466 0.1899032067642957
950 3052.3584289147543 0.24048508061747048
1000 3522.0661631472913 0.18360035248490655
Min = 2 Max = 8
Running TDDD archive
0
200
400
600
800
1000
1200
1400
1600
1800
2000
2200
2400
2600
2800
3000
3200
3400
3600
3800
4000
4200
4400
4600
4800
Printing last weeks
100 313.13566032903447 0.9436239553270195
150 470.2778580278188 0.9396751859904766
200 614.4471965197997 0.9356372078495142
250 818.4101766718937 0.9337815043192983
300 1022.3416818432208 0.9306310568282078
350 1189.6099098390011 0.9284647318139966
400 1397.806756367967 0.924446802701282
450 1380.3141036583359 0.9227467490356608
500 1722.2973625107575 0.9245632704431366
550 1809.633519102463 0.9222858117529898
600 2176.3111099748066 0.919840303205862
650 2086.2697960081205 0.9224573860845028
700 2398.4725760227134 0.9163641552415489
750 2551.7454019543743 0.9065709115697482
800 2817.1672058219706 0.9089925652379013
850 2724.6572557190866 0.9136933466665399
900 3378.1519252275425 0.9007068516254765
950 3093.08940615986 0.9162025109171237
1000 3722.33313245376 0.8973262300403497
Printing last month
100 313.13566032903447 0.8772682515299848
150 470.2778580278188 0.8698326443817002
200 614.4471965197997 0.8630348032690147
250 818.4101766718937 0.8604099179349797
300 1022.3416818432208 0.8537812599479281
350 1189.6099098390011 0.8508701357565005
400 1397.806756367967 0.8470096589413195
450 1380.3141036583359 0.8443932486536055
500 1722.2973625107575 0.84611338322492
550 1809.633519102463 0.8448483375269293
600 2176.3111099748066 0.8396807451285816
650 2086.2697960081205 0.8421228382177435
700 2398.4725760227134 0.8351249672050169
750 2551.7454019543743 0.8249136467090773
800 2817.1672058219706 0.8288386760069572
850 2724.6572557190866 0.8343913323481783
900 3378.1519252275425 0.8192744514809787
950 3093.08940615986 0.8372220999784291
1000 3722.33313245376 0.8146135102920603
Printing last year
100 313.13566032903447 0.3717866493260951
150 470.2778580278188 0.33840954025571923
200 614.4471965197997 0.3153073998499116
250 818.4101766718937 0.3141727336614213
300 1022.3416818432208 0.26461018962878047
350 1189.6099098390011 0.257746205532573
400 1397.806756367967 0.2547241449953678
450 1380.3141036583359 0.24616485622382075
500 1722.2973625107575 0.25776388055207666
550 1809.633519102463 0.2614007021982794
600 2176.3111099748066 0.21914294357484485
650 2086.2697960081205 0.22486990941880683
700 2398.4725760227134 0.2109570552129409
750 2551.7454019543743 0.19749381928103574
800 2817.1672058219706 0.2093454959197697
850 2724.6572557190866 0.227302485299964
900 3378.1519252275425 0.1896630651744811
950 3093.08940615986 0.2407649428623845
1000 3722.33313245376 0.17521710974327687
Min = 3 Max = 4
Running TDDD archive
0
200
400
600
800
1000
1200
1400
1600
1800
2000
^Cshah@shah-lappy:~/Documents/Thesis$ 
