Running backup2min archive
0
200
400
600
800
1000
1200
1400
1600
1800
2000
2200
2400
2600
2800
3000
3200
3400
3600
3800
4000
4200
4400
Printing six_month
100 261.86537338147053 0.46315785775149454
150 392.59936425972575 0.404284133599677
200 527.0520709686473 0.36862139519169074
250 674.6392608560957 0.3434057008666321
300 805.6460570424614 0.3299894779697453
350 966.6699108772094 0.3184791077787462
400 1089.7182326081977 0.30757569809226776
450 1182.1634112654083 0.2978384670950813
500 1315.881512729198 0.2733942038696311
550 1509.3617389513336 0.26568127199238456
600 1636.4528099697309 0.26039144585108487
650 1840.9016050978264 0.2469776750047337
700 2045.4745630404755 0.21925148161384986
750 2177.037689831281 0.21311802649105602
800 2302.6100004167506 0.2095956759764846
850 2432.741383869957 0.20627537897292494
900 2532.7550644345947 0.20285459573437375
950 2617.2333218580097 0.19993267015498706
1000 2703.6375118121928 0.19727074209170695
Printing last year
100 295.6016727897526 0.40398441538964314
150 438.49346141163244 0.35288573442607696
200 580.645121296683 0.3214761444185938
250 726.6479167098136 0.29551844246805886
300 871.6918724916409 0.2845799118567115
350 1050.492411963251 0.2692827774177553
400 1178.5011326133945 0.26083515124973367
450 1286.288284057257 0.2529751353738587
500 1441.7087656024862 0.23037559197305382
550 1628.210518880182 0.2245944796353134
600 1747.826581589421 0.22093636809596162
650 1932.9774995747534 0.20952384454742778
700 2154.3224508426324 0.1830343513439288
750 2299.130276312784 0.17847824455400216
800 2438.823692855703 0.17607688972402014
850 2579.444824985551 0.1742316782461554
900 2678.7488797352953 0.17241546630851504
950 2770.204782836525 0.17100106550614005
1000 2868.4417296228758 0.1694864376952045
Printing two year
100 320.678558706262 0.34471108852118226
150 516.9607411873884 0.30381429415539224
200 694.0676680799254 0.27938445615840946
250 865.8324145092184 0.25772386840912953
300 1059.8324814869845 0.2504510858039298
350 1286.8183336091126 0.23784791773085023
400 1493.7380832707565 0.23144686367106423
450 1657.7697912187507 0.22527029878572785
500 1838.6372964185284 0.20450358729623597
550 2029.6905685363934 0.20006769929745247
600 2166.238819828892 0.19770057054018855
650 2375.295294015895 0.18753904284867734
700 2631.602584000555 0.16221618525827478
750 2792.786136291334 0.15865844946884078
800 2950.5700999866126 0.15698426325035553
850 3108.035908637088 0.15568278067592078
900 3232.1810481763246 0.15441412482829514
950 3337.098127678289 0.1534162526979
1000 3444.6491410205654 0.1524237756428876
================================================
shah@shah-lappy:~/Documents/Thesis/code$ java -Xmx6g Win2
Running win2 archive
0
200
400
600
800
1000
1200
1400
1600
1800
2000
2200
2400
2600
2800
3000
3200
3400
3600
3800
4000
4200
4400
Printing six_month
100 194.91173039983926 0.46610054195968975
150 299.3998801632759 0.41055480670855315
200 412.29367540806714 0.3741644607861895
250 528.4497486553389 0.34518934177357924
300 636.7657098035176 0.33121278826579836
350 757.2282088451816 0.31856470567762746
400 855.2368021435316 0.30892094889667815
450 950.571549281674 0.299027036503123
500 1057.4381919147318 0.27702566214227864
550 1189.5024028591433 0.26677924827595
600 1274.934205901059 0.2620731169850094
650 1413.3110690406832 0.2541013715405443
700 1570.1684778581418 0.22591676057925744
750 1681.5499036002004 0.22183069044802098
800 1782.052449892437 0.2180738864922218
850 1860.447990259249 0.214603757496783
900 1936.2061102767068 0.21114498731156334
950 2011.8905643431535 0.20644625589017043
1000 2206.2340937490712 0.20037384135428915
Printing last year
100 194.91173039983926 0.4103184353518547
150 299.3998801632759 0.3626564900600007
200 412.29367540806714 0.33094844276282137
250 528.4497486553389 0.2970981489610055
300 636.7657098035176 0.285684130562591
350 757.2282088451816 0.26966758621072107
400 855.2368021435316 0.2618389867742059
450 950.571549281674 0.25342255896749416
500 1057.4381919147318 0.2333035026286902
550 1189.5024028591433 0.22511954443136176
600 1274.934205901059 0.2221541181157019
650 1413.3110690406832 0.21608088488038207
700 1570.1684778581418 0.18931169191734817
750 1681.5499036002004 0.1865004925106922
800 1782.052449892437 0.183979773452579
850 1860.447990259249 0.18191257190483187
900 1936.2061102767068 0.17990002414932835
950 2011.8905643431535 0.17680534809422618
1000 2206.2340937490712 0.17175192284291066
Printing two year
100 194.91173039983926 0.35042560390675853
150 299.3998801632759 0.3130991691277992
200 412.29367540806714 0.2882038970812487
250 528.4497486553389 0.2587182187417176
300 636.7657098035176 0.25069618852317144
350 757.2282088451816 0.23736043459387815
400 855.2368021435316 0.23164602494288336
450 950.571549281674 0.22529205540842479
500 1057.4381919147318 0.2067897440204135
550 1189.5024028591433 0.2000628600980929
600 1274.934205901059 0.19821107816393913
650 1413.3110690406832 0.1929542711808744
700 1570.1684778581418 0.1673089745898863
750 1681.5499036002004 0.16566415349702682
800 1782.052449892437 0.1637727710215734
850 1860.447990259249 0.1622238546253357
900 1936.2061102767068 0.16097823996562788
950 2011.8905643431535 0.15822017621467546
1000 2206.2340937490712 0.15389234833163665
