shah@shah-lappy:~/Documents/Thesis/code$ java -Xmx4g Backup2min 
Running backup2min ../../thesis-datasets/gcc/
gcc-2.7.0.tar gcc-2.7.1.tar
100 190.97426607272016 0.9334006674179957
150 284.9206317190746 0.9229161239353026
200 379.9478200059173 0.9133951173998731
250 473.56073685445614 0.9037209898287423
300 567.3124497991968 0.8964066464298659
350 665.1636295145265 0.8845348815807358
400 759.0177851808071 0.8761895019708228
450 856.5932933115032 0.8666728844803371
500 954.303664921466 0.8581555888116166
550 1051.7519172064626 0.8513431539393802
600 1148.1350835128217 0.8430483545328924
650 1250.261539142364 0.834336808229884
700 1349.0025306785083 0.8274594933626314
750 1445.1971967875595 0.8194166038986046
800 1542.1484716157206 0.8127269207027003
850 1643.905504480391 0.8070781136734324
900 1745.9003831417624 0.798727743294672
950 1853.8162729658793 0.7921590419989126
1000 1961.0022905532032 0.7851218455509242
shah@shah-lappy:~/Documents/Thesis/code$ javac Backup2min.java
shah@shah-lappy:~/Documents/Thesis/code$ java -Xmx4g Backup2min 
Running backup2min ../../thesis-datasets/gcc/
gcc-2.7.0.tar gcc-2.7.1.tar
^C^Z
[1]+  Stopped                 java -Xmx4g Backup2min
shah@shah-lappy:~/Documents/Thesis/code$ javac Backup2min.java
shah@shah-lappy:~/Documents/Thesis/code$ java -Xmx4g Backup2min 
Running backup2min ../../thesis-datasets/emacs/
emacs-19.28.tar emacs-19.29.tar
100 190.5002647673248 0.6031872837327964
150 284.93463540306715 0.5679431522716609
200 381.12250718884246 0.5412127397266969
250 476.7680768950703 0.5179757450832811
300 573.8047079031777 0.498984521621833
350 672.5134041373077 0.4789685948252268
400 764.4789015248815 0.4658414504809196
450 861.3486989238825 0.4527095103808258
500 960.1501642421398 0.4394775314259462
550 1060.900900900901 0.4270350194029559
600 1158.3497275493596 0.4190259545081326
650 1256.2271680736762 0.40962981652721303
700 1355.5809523809523 0.40166782335001566
750 1457.062488873064 0.39522412979942134
800 1557.2866520787745 0.38794918209454177
850 1660.105476673428 0.3817576780966531
900 1772.5529265255293 0.37516076473060683
950 1884.2684471048694 0.3688457012922271
1000 1995.4455686943802 0.362632631666406
shah@shah-lappy:~/Documents/Thesis/code$ javac Win2.java
shah@shah-lappy:~/Documents/Thesis/code$ java -Xmx4g Win2
Running win2 ../../thesis-datasets/emacs/
emacs-19.28.tar emacs-19.29.tar
100 205.14265303948414 0.5820410553350798
150 309.9475488061199 0.5439303754007664
200 415.69565603850015 0.5171998712171567
250 523.4447251447027 0.49377303184626214
300 632.164677712123 0.47428986158898967
350 738.1407409077585 0.4597118942074601
400 845.5749560905052 0.445427720323741
450 954.5788015745735 0.433262323565061
500 1063.2093793641 0.4237235347591492
550 1176.7957151587045 0.4135577237937911
600 1286.1349886068988 0.4043631297407726
650 1395.1536330705305 0.3943290035091492
700 1502.3303198568217 0.3867758408762121
750 1614.981007350402 0.37871066258406316
800 1725.466715859379 0.37038156499257113
850 1837.933977094094 0.3656307426884579
900 1956.80095636581 0.35850928971496715
950 2067.2695125031573 0.3529946592997341
1000 2180.450246436659 0.3468048658898968
shah@shah-lappy:~/Documents/Thesis/code$ javac Win2.java
shah@shah-lappy:~/Documents/Thesis/code$ java -Xmx4g Win2
Running win2 ../../thesis-datasets/gcc/
gcc-2.7.0.tar gcc-2.7.1.tar
100 206.42657255795942 0.9190890183263863
150 311.6619966905681 0.9046708994993657
200 419.345722258505 0.8914726873980608
250 525.7780920832248 0.88014304039054
300 633.5417320715792 0.8695278874252447
350 741.4681258693541 0.8629716099583182
400 850.58437452958 0.8528080684804277
450 961.5792518974848 0.846397089638456
500 1070.5225266189232 0.8370753599016854
550 1181.0116211019144 0.8282263727799928
600 1290.8781869688385 0.8218852647018847
650 1408.7339815507355 0.8136995189040414
700 1520.977658142665 0.8095803294332186
750 1625.1817763460654 0.8039129043584632
800 1733.686794305351 0.7951928985252809
850 1851.1440178220416 0.7907246383993295
900 1964.411069392296 0.7851763546574846
950 2073.857446964692 0.7783310727392171
1000 2189.4110353378796 0.7714872066418993
