$ java -Xmx4g LocalMinima
Running 2min ../../thesis-datasets/large_morph/large_morph_.98_.01/
large_file1.txt large_out_.98_.01.txt
100 201.27319673592382 0.0172186
150 300.9561807800784 0.004015771428571429
200 400.00914306612725 0.0011318857142857144
250 500.55060566623285 2.954E-4
300 602.3578005335169 1.0517142857142858E-4
350 702.1908354064682 2.202857142857143E-5
400 801.6307459746685 1.1657142857142857E-5
450 902.015360032988 0.0
500 1001.774572099147 0.0
550 1099.2462311557788 0.0
600 1201.8405329304305 0.0
650 1303.1498994712936 0.0
700 1401.9065929664343 0.0
750 1502.726374994633 0.0
800 1603.6655211912944 0.0
850 1704.6561465030197 0.0
900 1806.6381045785372 0.0
950 1906.8373740125307 0.0
1000 2007.9169296081693 0.0
Running 2min ../../thesis-datasets/large_morph/large_morph_.98_.05/
large_file1.txt large_out_.98_.05.txt
100 200.66160999409482 0.016425914285714285
150 300.88373852343454 0.0038843714285714285
200 400.68230472461676 0.001119457142857143
250 500.7153075822604 3.4374285714285714E-4
300 601.5709595916193 1.6074285714285714E-4
350 702.5573086033161 7.88E-5
400 801.3003960713386 0.0
450 901.3649240278136 0.0
500 1001.2873694750393 0.0
550 1100.9405177565977 0.0
600 1203.2453245324532 0.0
650 1302.7618551328817 0.0
700 1400.7283787569536 0.0
750 1495.2153110047848 0.0
800 1588.6705097362808 0.0
850 1690.8212560386473 0.0
900 1793.8598739172774 0.0
950 1903.8294168842472 0.0
1000 2001.4868187796649 0.0
Running 2min ../../thesis-datasets/large_morph/large_morph_.999_.01/
large_file1.txt large_out_.999_.01.txt
100 200.93001894483035 0.7818898
150 301.03901465629946 0.7007838857142857
200 400.393529640561 0.6309286857142857
250 500.1571922604247 0.5666733714285714
300 602.0883865751492 0.5093952285714286
350 703.135986499789 0.4605916
400 803.4894398530762 0.41543485714285716
450 902.1548613259099 0.37731308571428573
500 1002.0040080160321 0.3436485714285714
550 1099.3152836233432 0.31339957142857144
600 1198.3838937204684 0.2870117714285714
650 1300.2451890928003 0.2607098
700 1395.8682300390842 0.23817608571428572
750 1495.4708596821056 0.21783557142857143
800 1597.079625827059 0.19943902857142856
850 1701.2589316093909 0.1815453142857143
900 1802.6370004120313 0.16681497142857143
950 1904.450973990641 0.1517315142857143
1000 2003.6638424547743 0.13917022857142858
Running 2min ../../thesis-datasets/large_morph/large_morph_.999_.05/
large_file1.txt large_out_.999_.05.txt
100 200.99348206851008 0.7814691142857143
150 300.9742967950537 0.7002353142857143
200 399.99542862367286 0.6287633142857143
250 500.15004501350404 0.5667454285714286
300 601.7364394395255 0.5097189428571428
350 702.71247013472 0.45845082857142855
400 802.844362885652 0.4134208285714286
450 902.6434558349451 0.37391694285714283
500 1002.5493397496491 0.3380216285714286
550 1100.317520198686 0.3071388
600 1199.1640113749272 0.2797305428571429
650 1300.5350772889417 0.2543331714285714
700 1395.5342902711325 0.23261474285714287
750 1494.7044755722584 0.21202448571428573
800 1595.477959611615 0.1925782
850 1699.2765936786911 0.17564962857142857
900 1801.5235742227712 0.16118302857142858
950 1902.4841006685872 0.14805785714285713
1000 2000.6859494683893 0.13637917142857142

shah@DESKTOP-NKCO3P7 /cygdrive/c/Users/shah/Documents/thesis_git/code
$ javac Winnowing.java

shah@DESKTOP-NKCO3P7 /cygdrive/c/Users/shah/Documents/thesis_git/code
$ java -Xmx4g Winnowing
Running winnowing ../../thesis-datasets/large_morph/large_morph_.98_.01/
large_file1.txt large_out_.98_.01.txt
100 50.50825737853486 0.2017864
150 75.41835639698499 0.1173618
200 100.32821659428703 0.07307465714285714
250 125.50695846436858 0.048226257142857144
300 150.67956483741676 0.03340317142857143
350 175.5750081516968 0.024335942857142856
400 200.49493607075752 0.018485857142857144
450 225.52999548940008 0.014476171428571428
500 250.50458781259394 0.01154237142857143
550 275.58187143712007 0.009473
600 300.71570337403017 0.007985285714285714
650 325.65409951989284 0.006772685714285714
700 350.4240130557975 0.0057872
750 375.05759813114156 0.005091914285714286
800 399.9542909381785 0.004491571428571429
850 425.273390036452 0.0039366857142857144
900 450.2823913854546 0.0035176
950 475.2593558198903 0.0030985142857142857
1000 499.77153301347954 0.002797142857142857
Running winnowing ../../thesis-datasets/large_morph/large_morph_.98_.05/
large_file1.txt large_out_.98_.05.txt
100 50.487347149556506 0.20050785714285715
150 75.54924299658518 0.11524571428571428
200 100.5536194993579 0.07126505714285715
250 125.68633717694122 0.046773714285714287
300 150.7236890268848 0.03264522857142857
350 175.80077251882324 0.023823342857142858
400 200.4800064153602 0.018251257142857143
450 225.50529293137552 0.014313971428571428
500 250.429307384087 0.011576971428571428
550 275.1420912371174 0.009561885714285715
600 300.33379956580313 0.008013
650 325.29997304657365 0.006731571428571429
700 350.28022417934346 0.005784971428571428
750 375.10985359998284 0.004976228571428571
800 399.9634319147964 0.004384
850 424.98421487201904 0.003865342857142857
900 450.1781419218748 0.003416285714285714
950 475.8085346456586 0.0029994285714285713
1000 500.4360943107565 0.0027286
Running winnowing ../../thesis-datasets/large_morph/large_morph_.999_.01/
large_file1.txt large_out_.999_.01.txt
100 50.501771169260294 0.9198515428571429
150 75.43542404407152 0.8895753142857142
200 100.42494096448114 0.8610254285714286
250 125.49210833912987 0.8334022285714285
300 150.5739016709401 0.8062846571428571
350 175.6199383824902 0.7810828857142857
400 200.53284441516027 0.7565026
450 225.4413820200836 0.7336094
500 250.35407218780847 0.7105726571428571
550 274.8201890762901 0.6883095714285714
600 299.80641071765086 0.6667079428571429
650 324.75063790303875 0.6459880857142857
700 349.5281370150297 0.6268996571428571
750 374.98526843588286 0.6073801428571428
800 400.247009583057 0.5894222285714286
850 425.6198849610254 0.5714404857142857
900 450.8217837085888 0.5540260571428571
950 475.65334384300724 0.5374904
1000 500.64368473751966 0.521386
Running winnowing ../../thesis-datasets/large_morph/large_morph_.999_.05/
large_file1.txt large_out_.999_.05.txt
100 50.49317404420028 0.9193292857142857
150 75.41624379701395 0.8888556571428572
200 100.36072512057625 0.8600528
250 125.40892266569206 0.8324335714285714
300 150.49297197820863 0.8056691142857143
350 175.55739472826224 0.7799742285714286
400 200.48574832737603 0.7550924857142857
450 225.39927872230808 0.7319240857142857
500 250.32005206657084 0.7096162
550 274.8957359744268 0.6872037142857143
600 299.87062724367485 0.6655128571428571
650 324.81392802123355 0.6449624285714286
700 349.56653749350806 0.6250798571428572
750 374.71628624041796 0.6055629428571428
800 399.9040230344717 0.5869024571428572
850 425.4439811832205 0.5687983428571428
900 450.68826536525063 0.5519304285714286
950 475.22709065975096 0.5352437428571428
1000 500.2858776443682 0.5188112571428571


=====

$ java -Xmx4g KarbRabin
Running KR ../../thesis-datasets/large_morph/large_morph_.98_.01/
large_file1.txt large_out_.98_.01.txt
100 100.08321204201208 0.0878106
150 149.70380033790286 0.049568914285714284
200 199.82301390197253 0.031024742857142858
250 249.91431509196846 0.021884685714285715
300 300.43692112243235 0.01608254285714286
350 349.870547897278 0.012367628571428571
400 400.22870211549457 0.009263371428571428
450 449.2190006802459 0.007705171428571429
500 501.16700316451164 0.006412314285714286
550 549.097127437599 0.005373971428571428
600 600.1165940811358 0.004563257142857143
650 645.9829091378897 0.004100914285714285
700 701.0656197420078 0.0033683714285714286
750 745.4421536888738 0.003152857142857143
800 798.7038178042491 0.0026699714285714285
850 853.7834805093428 0.0023760857142857143
900 900.2289153527611 0.0020596857142857142
950 957.8544061302682 0.0018162
1000 1001.8892769221961 0.0017075142857142858
Running KR ../../thesis-datasets/large_morph/large_morph_.98_.05/
large_file1.txt large_out_.98_.05.txt
100 99.82516335674947 0.08693982857142857
150 150.1211692294495 0.049306971428571426
200 199.19978600251562 0.03141962857142857
250 250.33079426384865 0.0216868
300 300.06858710562415 0.016061914285714286
350 347.8814022602352 0.012354485714285714
400 398.1344556933227 0.009905771428571429
450 449.594080772788 0.007846914285714286
500 499.20839811156594 0.006498228571428571
550 548.4088309490606 0.005421
600 599.6128214353017 0.004618828571428571
650 647.6084744194652 0.004189428571428571
700 694.3066851815116 0.0036234
750 750.6380423359856 0.0030547714285714287
800 794.8042510673085 0.0028922
850 854.1793776693106 0.002396342857142857
900 899.4885764950785 0.0022060857142857143
950 948.3809781872375 0.0020023714285714285
1000 992.795143813468 0.0017892857142857142
Running KR ../../thesis-datasets/large_morph/large_morph_.999_.01/
large_file1.txt large_out_.999_.01.txt
100 99.86931386927962 0.8189076
150 149.6954766303976 0.7498411714285714
200 199.58031111719356 0.6901891428571428
250 249.75024975024974 0.6338994
300 299.5857157530729 0.5867416571428572
350 348.4112447240583 0.5479635428571429
400 399.1651745492285 0.5092438571428571
450 447.50166214903084 0.4750002
500 498.6536351850005 0.44269154285714285
550 547.910894034033 0.4160696857142857
600 599.9725726823916 0.39150214285714285
650 645.4230286936638 0.36734134285714287
700 696.6837851825311 0.34704845714285715
750 748.9995506002697 0.3267255142857143
800 795.8886665453884 0.30963265714285715
850 853.0135751017523 0.29117054285714283
900 894.9575534417511 0.27964228571428573
950 954.0684203352869 0.26466197142857145
1000 996.044281282905 0.25363085714285716
Running KR ../../thesis-datasets/large_morph/large_morph_.999_.05/
large_file1.txt large_out_.999_.05.txt
100 99.8610504811876 0.8182171428571429
150 149.67051106065077 0.7485273142857143
200 199.4984040127679 0.6879504285714285
250 249.47076559014093 0.6347249714285714
300 299.4421819924027 0.5871405142857142
350 348.3765652061394 0.5453682857142857
400 399.07869831930856 0.5056317714285714
450 447.55316292213854 0.4735914857142857
500 497.6822227910019 0.44125482857142856
550 547.8851632697787 0.4127732
600 599.6744624346783 0.3882396857142857
650 644.9472985921722 0.3671162571428571
700 697.0167682319671 0.34481885714285715
750 748.4549750871415 0.32332937142857143
800 795.8886665453884 0.30425265714285715
850 852.3488298468208 0.28888885714285717
900 894.728769364487 0.2782603142857143
950 955.4487879449662 0.2603520857142857
1000 994.0922517609634 0.25024534285714284

shah@DESKTOP-NKCO3P7 /cygdrive/c/Users/shah/Documents/thesis_git/code
$ javac Tddd.java

shah@DESKTOP-NKCO3P7 /cygdrive/c/Users/shah/Documents/thesis_git/code
$ java -Xmx4g Tddd
Running TDDD ../../thesis-datasets/large_morph/large_morph_.98_.01/
large_file1.txt large_out_.98_.01.txt
100 51 26 298.5583894907447 0.0027272285714285715
150 76 38 448.79274750920024 1.7134285714285715E-4
200 101 51 597.943075819182 1.3714285714285714E-5
250 126 63 747.4160758520543 0.0
300 151 76 896.3327187051833 0.0
350 176 88 1047.277079593058 0.0
400 201 101 1198.6301369863013 0.0
450 226 113 1344.8090371167293 0.0
500 251 126 1502.0169942494206 0.0
550 276 138 1643.7326821020993 0.0
600 301 151 1796.9913230990398 4.457142857142857E-6
650 326 163 1944.984717977216 0.0
700 351 176 2095.3065134099616 0.0
750 376 188 2241.003969778461 0.0
800 401 201 2397.917237599342 0.0
850 426 213 2555.8638819921134 1.1714285714285715E-6
900 451 226 2690.44507648551 0.0
950 476 238 2845.991218084241 0.0
1000 501 251 2994.011976047904 4.457142857142857E-6
Running TDDD ../../thesis-datasets/large_morph/large_morph_.98_.05/
large_file1.txt large_out_.98_.05.txt
100 51 26 298.3751342688104 0.0026472857142857144
150 76 38 448.70644342452755 2.3377142857142858E-4
200 101 51 597.534742377164 2.677142857142857E-5
250 126 63 749.2881762325791 1.5171428571428572E-5
300 151 76 896.1261745653788 0.0
350 176 88 1045.1505016722408 0.0
400 201 101 1194.5392491467576 0.0
450 226 113 1342.4878217176172 0.0
500 251 126 1499.0577351379134 0.0
550 276 138 1648.1446600113015 0.0
600 301 151 1793.032786885246 0.0
650 326 163 1942.2863485016649 0.0
700 351 176 2098.950524737631 0.0
750 376 188 2243.445932953016 0.0
800 401 201 2393.8171123726147 0.0
850 426 213 2548.0489225393126 0.0
900 451 226 2687.346437346437 0.0
950 476 238 2825.9991925716595 0.0
1000 501 251 2995.293110825845 0.0
Running TDDD ../../thesis-datasets/large_morph/large_morph_.999_.01/
large_file1.txt large_out_.999_.01.txt
100 51 26 298.37004705721887 0.7022063428571429
150 76 38 448.4879548949257 0.5995659714285714
200 101 51 597.534742377164 0.5152078571428571
250 126 63 749.3683895002783 0.4399129142857143
300 151 76 896.792046735677 0.3806564571428571
350 176 88 1045.244139166791 0.33072225714285713
400 201 101 1194.3761943761945 0.2860946
450 226 113 1342.5393172228614 0.24631565714285714
500 251 126 1494.25778081373 0.21504662857142856
550 276 138 1648.299896392578 0.18796345714285714
600 301 151 1797.3604477995173 0.16588388571428572
650 326 163 1942.2863485016649 0.14083482857142857
700 351 176 2092.800765367137 0.12439765714285714
750 376 188 2242.583456141475 0.10903197142857143
800 401 201 2390.2205832138225 0.09605897142857144
850 426 213 2540.2816083611556 0.08380985714285714
900 451 226 2685.490677510934 0.07516654285714286
950 476 238 2842.985947526602 0.06776114285714285
1000 501 251 2990.941719364211 0.05654602857142857
Running TDDD ../../thesis-datasets/large_morph/large_morph_.999_.05/
large_file1.txt large_out_.999_.05.txt
100 51 26 298.2327578861262 0.7001575714285714
150 76 38 448.5396829465213 0.5973159142857143
200 101 51 597.3002030820691 0.5135607714285715
250 126 63 748.7912370031236 0.43844042857142856
300 151 76 897.0448778737474 0.3794080285714286
350 176 88 1044.4643390032827 0.3268355142857143
400 201 101 1195.0286806883364 0.28339522857142857
450 226 113 1342.745338755467 0.24516185714285715
500 251 126 1491.9647043778507 0.21315685714285715
550 276 138 1649.231929130148 0.18546534285714286
600 301 151 1796.3457195647711 0.16043008571428571
650 326 163 1939.8104528071829 0.14276294285714286
700 351 176 2094.554159186116 0.12045165714285715
750 376 188 2241.721642221226 0.10670297142857142
800 401 201 2392.3444976076553 0.09306237142857143
850 426 213 2539.175856065003 0.08086637142857143
900 451 226 2688.1720430107525 0.07290211428571429
950 476 238 2846.2226559323412 0.06385885714285715
1000 501 251 2990.4306220095696 0.055492571428571426

