Running backup2min Periodic
../../thesis-datasets/input_10/
10
20
30
40
50
60
70
80
90
100
File dir = 10 totalRuns = 100
10 38.694416244846686 0.0
15 55.74365014096235 0.0
20 109.14215588449534 0.0
25 122.83221925775698 0.0
30 173.9243233422651 0.0
35 184.26046638981938 0.0
40 229.82940964628074 0.0
45 238.00200100991592 0.0
50 256.99179523261273 0.0
55 263.98045188063276 0.0
60 273.38770689515 0.0
65 280.5243791824299 0.0
70 288.0997166675319 0.0
75 295.3782196994143 0.0
80 302.9243103177947 0.0
85 310.4323905893231 0.0
90 318.04727698877053 0.0
95 325.77172543251 0.0
100 333.6274230097708 0.0
../../thesis-datasets/input_15/
10
20
30
40
50
60
^Z^X^C^C
[1]+  Stopped                 java -Xmx6g Backup2min
shah@shah-lappy:~/Documents/Thesis/code$ javac Win2.java
shah@shah-lappy:~/Documents/Thesis/code$ javac Win2.java
shah@shah-lappy:~/Documents/Thesis/code$ java -Xmx4g Win2
Running win2 Periodic
../../thesis-datasets/input_10/
0
10
20
30
40
50
60
70
80
90
File dir = 10 totalRuns = 100
10 39.43414478275253 0.17745305699999997
15 57.93702187672525 0.08253506000000002
20 75.61677176891776 0.040287367000000004
25 90.30536571317896 0.019104106000000003
30 104.90191459569517 0.009402606999999997
35 117.74958747841902 0.00454766
40 130.03910762548173 0.0023259490000000003
45 141.67557775993345 0.0011980939999999996
50 152.9510796335504 6.455380000000002E-4
55 163.85888010688853 3.2420699999999997E-4
60 174.5766859624334 1.8166699999999997E-4
65 185.04849041040978 9.805700000000005E-5
70 195.40925744394355 5.0505000000000005E-5
75 205.61247034769193 3.8772999999999996E-5
80 215.80633012363643 1.8530000000000004E-5
85 225.92984574146874 7.634000000000002E-6
90 235.9870318067211 6.204E-6
95 246.01527029493008 3.4040000000000004E-6
100 256.0471020604072 1.2E-6
../../thesis-datasets/input_15/
0
10
20
30
40
50
60
70
80
90
File dir = 15 totalRuns = 100
10 17.120354093643968 0.5198417280791359
15 59.225886217403264 0.08902399948800031
20 76.81469770352007 0.042805181597409196
25 92.51987534575484 0.020385197807401098
30 113.26515133205095 0.010959909520045243
35 127.55942257129938 0.005306442346778827
40 141.0084714677956 0.002699762650118675
45 154.61852466971345 0.0013469353265323373
50 166.98238638016903 6.932816533591736E-4
55 178.90870361597362 3.4267982866008573E-4
60 190.5651012709808 1.782359108820445E-4
65 201.81289963698305 8.603695698152153E-5
70 212.81360064322018 4.682797658601169E-5
75 223.64020130206023 3.226498386750806E-5
80 234.24999150930813 1.766399116800442E-5
85 244.73086906864603 8.158995920502038E-6
90 255.09354156488786 6.305996847001575E-6
95 265.31673455554073 3.4189982905008545E-6
100 275.4945716833423 1.1989994005002998E-6
../../thesis-datasets/input_20/
0
10
20
30
40
50
60
70
80
90
File dir = 20 totalRuns = 100
10 20.47116236487578 0.4762132409999998
15 23.995334580850322 0.4435501510000001
20 77.83867231269689 0.045689781
25 93.3512264678037 0.02591683599999999
30 110.60889959252364 0.010818869000000002
35 122.91195931591697 0.006171417999999999
40 149.58773175318527 0.0030594840000000016
45 162.60136093434394 0.0018287410000000011
50 178.12561055453259 8.00341E-4
55 190.3019269524844 4.5950499999999986E-4
60 206.0947353461298 1.8976399999999987E-4
65 217.94995368920453 1.2583999999999995E-4
70 231.86315477242115 4.9040000000000005E-5
75 243.27635093875398 4.725199999999999E-5
80 256.8177163541966 2.0507000000000002E-5
85 268.0888963326689 9.992000000000002E-6
90 281.0876498144291 4.357000000000001E-6
95 292.14241016973665 0.0
100 304.83208502607465 6.0E-7
../../thesis-datasets/input_25/
0
10
20
30
40
50
60
70
80
90
File dir = 25 totalRuns = 100
10 21.379767420219522 0.45807327000000014
15 27.521913409218683 0.40680384
20 31.075294832787264 0.38101064599999995
25 95.99154301404485 0.023662477
30 112.01000764573737 0.012800114999999999
35 126.73159008707657 0.006806046999999998
40 139.9743691439228 0.0036773629999999995
45 152.3179510110137 0.0019610779999999998
50 182.48724447989295 8.871939999999998E-4
55 195.9068504482927 5.23231E-4
60 208.96471674562662 2.8006500000000013E-4
65 221.66977830000982 1.5056000000000008E-4
70 234.13041739894936 8.365100000000006E-5
75 250.3256425950536 5.2840999999999984E-5
80 262.41368563530233 2.1191E-5
85 274.2858331664239 1.2512E-5
90 286.0655803869996 7.993000000000001E-6
95 297.63513209514707 3.305E-6
100 311.211037022372 1.78E-6
../../thesis-datasets/input_30/
0
10
20
30
40
50
60
70
80
90
File dir = 30 totalRuns = 100
10 21.687868626226727 0.4503438403123193
15 30.473978479510734 0.37643835512328977
20 34.33272031351577 0.3566666416667166
25 37.847502264584385 0.33758105283789425
30 115.10360159606013 0.01279524240951519
35 132.04734567597671 0.006368396263207474
40 147.52703499884387 0.0032104275791448407
45 161.57818913843732 0.001605123789752421
50 174.37548830347313 8.294613410773177E-4
55 186.729281818934 4.163851672296656E-4
60 217.62369352185735 2.5742148515702954E-4
65 231.44007247579123 1.328537342925315E-4
70 244.85985195316076 7.188385623228756E-5
75 257.9028626029543 4.385291229417539E-5
80 270.61289418727495 2.043995912008176E-5
85 283.11743219065994 1.0136979726040546E-5
90 297.2139256375534 5.718988562022876E-6
95 309.4380272941834 2.846994306011388E-6
100 321.4151749935918 1.1999976000048E-6

==========================================================
shah@shah-lappy:~/Documents/Thesis/code$ javac Backup2min.java
shah@shah-lappy:~/Documents/Thesis/code$ java -Xmx6g Backup2min 
Running backup2min Periodic
../../thesis-datasets/input_10/
10
20
30
40
50
60
70
80
90
100
File dir = 10 totalRuns = 100
10 20.555668171454432 0.5012906280000002
15 23.53187165173469 0.4478253000000001
20 33.2841533053444 0.3601854800000001
25 36.5619033264055 0.32468439099999996
30 46.45579187505044 0.2560954449999999
35 50.63513980371877 0.23079782000000001
40 60.77049639078103 0.18291700100000002
45 65.8279228439431 0.16579717699999996
50 76.18221671679098 0.13111837799999998
55 82.01534778987622 0.12053144799999997
60 92.58706927907028 0.09499258899999999
65 99.09557048835364 0.08767743000000004
70 109.81879425274137 0.069136286
75 116.88580481446101 0.06365042100000001
80 127.72506189815302 0.0506509
85 135.28135342195506 0.04715860200000001
90 146.19775242477866 0.03733885000000001
95 154.11686157027992 0.034708465
100 165.05764783492344 0.027763544000000008
../../thesis-datasets/input_15/
10
20
30
40
50
60
70
80
90
100
File dir = 15 totalRuns = 100
10 17.12042405528449 0.5198409070795464
15 30.834665971297177 0.40294860952569533
20 33.78889647763864 0.37384468807765603
25 36.584729921122154 0.34656562071718966
30 49.563540950296144 0.25824692687653644
35 53.03587569073377 0.24001799999100004
40 56.70692365888328 0.22344144727927642
45 69.55100800502944 0.1635752152123925
50 73.99291521693152 0.15311600544199724
55 78.65330246340908 0.14358902520548744
60 91.4245768133729 0.10512830143584932
65 96.76067206779193 0.09871716464141769
70 102.30312126903175 0.09286271256864367
75 115.00633129065615 0.06788208205895896
80 121.08756298004366 0.06403773898113052
85 127.34327005455334 0.06048891675554163
90 140.0178340926564 0.044095258952370535
95 146.73053079157063 0.04180067309966347
100 153.58240018031324 0.03964379317810341
../../thesis-datasets/input_20/
10
20
30
40
50
60
70
80
90
100
File dir = 20 totalRuns = 100
10 20.471362618764815 0.4762114240000001
15 23.995385380871355 0.44354978
20 40.926784636270874 0.320129323
25 44.1826466092645 0.2991221510000001
30 47.40585848346876 0.2797391099999999
35 50.501614123067405 0.2628056889999999
40 66.53471795494077 0.18046846700000002
45 70.37025171844654 0.17016652300000001
50 74.40795458509524 0.161182372
55 78.64040566667123 0.152704917
60 94.19383964573892 0.10340014100000001
65 99.05110550652698 0.09823855800000002
70 104.10256736365417 0.09332780699999998
75 109.3244074016956 0.08890156999999997
80 124.51156414985785 0.05998880800000003
85 130.22628206897897 0.057356798999999965
90 136.09886507329898 0.054807599000000005
95 142.12442117555398 0.05251612700000001
100 156.95755479612075 0.035233458
../../thesis-datasets/input_25/
10
20
30
40
50
60
70
80
90
100
File dir = 25 totalRuns = 100
10 21.380176861244877 0.4580695649999999
15 27.522008006027644 0.40680361499999995
20 31.075353635017503 0.3810103389999999
25 50.921472308613204 0.2536527109999999
30 54.35248141959048 0.23915461699999996
35 57.869036965859024 0.22567284599999998
40 61.421173699668614 0.21363115599999985
45 64.8784035691801 0.20266898399999994
50 83.6353905592455 0.12768150900000003
55 87.75633376416475 0.12152391600000005
60 92.04772490808006 0.11586588300000003
65 96.50586060034702 0.11067054599999998
70 101.12564349418253 0.105788823
75 119.03355433054524 0.06548837
80 124.178346467271 0.062754714
85 129.45919303297194 0.06012336800000001
90 134.89517352147132 0.05771189799999999
95 140.45563414533598 0.055438399
100 157.61937682413645 0.034171596000000005
../../thesis-datasets/input_30/
10
20
30
40
50
60
70
80
90
100
File dir = 30 totalRuns = 100
10 21.68844413532192 0.450340878318243
15 30.474144864123517 0.3764374851250297
20 34.33278172442962 0.35666637166725657
25 37.84753124636061 0.33758099283801435
30 60.94278137130303 0.2063501092997814
35 64.44852374461456 0.1963772942454116
40 68.025476844721 0.1871554506890987
45 71.69363608374174 0.1784252491495016
50 75.07863914747725 0.1704740790518419
55 78.58731326925945 0.1630792838414323
60 100.22512836632858 0.09395815408369185
65 104.34880940577594 0.09009942080115842
70 108.61671848357659 0.08647441005117995
75 113.0154721069675 0.08311383777232445
80 117.52557790572023 0.07996172007655983
85 122.17945220446497 0.0769785210429579
90 142.59172852376207 0.04335737628524747
95 147.7259633319804 0.04180964438071125
100 152.9951898454 0.04036440327119346
