
../../thesis-datasets/input_20/
^Z
[1]+  Stopped                 java -Xmx4g Backup2min
shah@shah-lappy:~/Documents/Thesis/code$ javac Backup2min.java
shah@shah-lappy:~/Documents/Thesis/code$ java -Xmx4g Backup2min 
Running backup2min Periodic
../../thesis-datasets/input_10/
0
10
20
30
40
50
60
70
80
90
File dir = 10 totalRuns = 100
10 1.0E7 0.0
15 1.0E7 0.0
20 1.0E7 0.0
25 1.0E7 0.0
30 1.0E7 0.0
35 1.0E7 0.0
40 1.0E7 0.0
45 1.0E7 0.0
50 1.0E7 0.0
55 1.0E7 0.0
60 1.0E7 0.0
65 1.0E7 0.0
70 1.0E7 0.0
75 1.0E7 0.0
80 1.0E7 0.0
85 1.0E7 0.0
90 1.0E7 0.0
95 1.0E7 0.0
100 1.0E7 0.0
../../thesis-datasets/input_15/
0
10
20
30
40
50
60
70
80
90
File dir = 15 totalRuns = 100
10 15.000024075028778 0.9999998860000571
15 1.0000005E7 0.0
20 1.0000005E7 0.0
25 1.0000005E7 0.0
30 1.0000005E7 0.0
35 1.0000005E7 0.0
40 1.0000005E7 0.0
45 1.0000005E7 0.0
50 1.0000005E7 0.0
55 1.0000005E7 0.0
60 1.0000005E7 0.0
65 1.0000005E7 0.0
70 1.0000005E7 0.0
75 1.0000005E7 0.0
80 1.0000005E7 0.0
85 1.0000005E7 0.0
90 1.0000005E7 0.0
95 1.0000005E7 0.0
100 1.0000005E7 0.0
../../thesis-datasets/input_20/
0
10
20
30
40
50
60
70
80
90
File dir = 20 totalRuns = 100
10 20.00002280004559 0.999999824
15 20.00004280009678 0.9999997169999999
20 1.0E7 0.0
25 1.0E7 0.0
30 1.0E7 0.0
35 1.0E7 0.0
40 1.0E7 0.0
45 1.0E7 0.0
50 1.0E7 0.0
55 1.0E7 0.0
60 1.0E7 0.0
65 1.0E7 0.0
70 1.0E7 0.0
75 1.0E7 0.0
80 1.0E7 0.0
85 1.0E7 0.0
90 1.0E7 0.0
95 1.0E7 0.0
100 1.0E7 0.0
../../thesis-datasets/input_25/
0
10
20
30
40
50
60
70
80
90
File dir = 25 totalRuns = 100
10 22.25001875004453 0.9999994379999998
15 25.000040000099986 0.999999581
20 25.00006812519842 0.999999555
25 1.0E7 0.0
30 1.0E7 0.0
35 1.0E7 0.0
40 1.0E7 0.0
45 1.0E7 0.0
50 1.0E7 0.0
55 1.0E7 0.0
60 1.0E7 0.0
65 1.0E7 0.0
70 1.0E7 0.0
75 1.0E7 0.0
80 1.0E7 0.0
85 1.0E7 0.0
90 1.0E7 0.0
95 1.0E7 0.0
100 1.0E7 0.0
../../thesis-datasets/input_30/
0
10
20
30
40
50
60
70
80
90
File dir = 30 totalRuns = 100
10 23.250012374997873 0.9999995000009999
15 30.000027900027913 0.9999997160005681
20 30.00006030006032 0.999999421001158
25 30.000091800102627 0.999998942002116
30 1.000002E7 0.0
35 1.000002E7 0.0
40 1.000002E7 0.0
45 1.000002E7 0.0
50 1.000002E7 0.0
55 1.000002E7 0.0
60 1.000002E7 0.0
65 1.000002E7 0.0
70 1.000002E7 0.0
75 1.000002E7 0.0
80 1.000002E7 0.0
85 1.000002E7 0.0
90 1.000002E7 0.0
95 1.000002E7 0.0
100 1.000002E7 0.0


===================================================
Running win2 Periodic
../../thesis-datasets/input_10/
0
10
20
30
40
50
60
70
80
90
File dir = 10 totalRuns = 100
10 29.270863037165054 0.30542733200000016
15 42.815489144687334 0.184500274
20 56.07429108099518 0.11078218300000002
25 68.2089397468742 0.06633820400000003
30 80.34664909937058 0.04080041999999999
35 91.81811096741284 0.024816113000000015
40 103.06305196399995 0.01502648
45 114.04595198940225 0.009413389
50 124.83063002290828 0.005763902999999999
55 135.4377775937902 0.0036812609999999995
60 145.8979977793304 0.0023243420000000005
65 156.25661155426175 0.001501255
70 166.51283780515902 9.830279999999997E-4
75 176.71723433804263 6.411380000000001E-4
80 186.82201341353098 3.90675E-4
85 196.8596663022767 2.6750000000000005E-4
90 206.8742996240435 1.8166699999999997E-4
95 216.80818621728488 1.1372799999999992E-4
100 226.76991745922405 7.660200000000006E-5
../../thesis-datasets/input_15/
0
10
20
30
40
50
60
70
80
90
File dir = 15 totalRuns = 100
10 17.085407608456215 0.5189982915008543
15 43.87728020751209 0.19728766135616926
20 56.16911026294811 0.12655961072019464
25 68.06056406502599 0.08220091689954154
30 84.93942575166244 0.04643285478357262
35 96.31924879503482 0.03052138873930562
40 107.49638930487886 0.020284985857507064
45 120.79213249237935 0.011063553468223263
50 131.55329384689207 0.007320830339584833
55 142.16626691731346 0.004929408535295733
60 154.12985846035386 0.0027261476369261806
65 164.47890188663885 0.0018709100645449672
70 174.72715533485484 0.00123861038069481
75 185.97003620321541 6.881646559176724E-4
80 196.01155667854474 4.5782077108961453E-4
85 205.9930211257762 3.206048396975802E-4
90 216.8376529978466 1.782359108820445E-4
95 226.6858006164588 1.2812793593603206E-4
100 236.52621811045307 8.34929582535209E-5
../../thesis-datasets/input_20/
0
10
20
30
40
50
60
70
80
90
File dir = 20 totalRuns = 100
10 20.405101252393855 0.4757694039999997
15 23.971294986849788 0.44348463400000004
20 57.88133806510833 0.12336704500000005
25 71.22211022331146 0.07558354800000003
30 84.10857083250066 0.04701295899999999
35 96.05085250468088 0.028849605000000004
40 112.85366848677766 0.019059681999999994
45 125.2402175271804 0.012057478
50 137.37792161206312 0.007521415000000001
55 149.2555632038783 0.004820636
60 161.51555785323058 0.0030681580000000014
65 173.1581799944367 0.001966914999999999
70 184.6622734091612 0.0012521289999999998
75 196.03910917719338 8.040370000000002E-4
80 207.31127841190158 4.9292E-4
85 218.49440039222497 3.1348E-4
90 229.53952407849826 1.8724399999999993E-4
95 240.5538719701738 1.2928199999999993E-4
100 251.47613720506547 7.432700000000008E-5
../../thesis-datasets/input_25/
0
10
20
30
40
50
60
70
80
90
File dir = 25 totalRuns = 100
10 21.201782868879988 0.45732879499999995
15 27.44877549576909 0.40654888
20 31.045215137678984 0.38097622200000003
25 71.7486285258967 0.079592294
30 80.12481206690448 0.06671506300000005
35 94.41701226362434 0.038679586000000016
40 107.87741420801495 0.022473686000000003
45 120.5631723388048 0.013033491999999995
50 139.3196371242901 0.008067246999999998
55 147.71775855403658 0.007012215
60 160.8233127750507 0.004136265
65 173.58747129604046 0.002414394
70 186.02439848179577 0.0014804920000000008
75 198.83201712646613 8.823189999999999E-4
80 207.46399155250919 7.593569999999998E-4
85 219.45644218427228 4.6807300000000017E-4
90 231.35037994435564 2.8076400000000013E-4
95 243.08189091122097 1.6471600000000005E-4
100 254.6919648182917 9.543200000000009E-5
../../thesis-datasets/input_30/
0
10
20
30
40
50
60
70
80
90
File dir = 30 totalRuns = 100
10 21.51627757429126 0.4490711048577902
15 30.396282109455623 0.3762067585864828
20 34.28483243107678 0.35631909036181936
25 37.815582766125516 0.33755178589642815
30 86.32300302039677 0.05327828144343712
35 94.83853926351873 0.04540941318117365
40 110.30488008880955 0.025016390967218066
45 124.76505383887323 0.013173116653766694
50 132.52736666176563 0.011408458183083637
55 146.05867749942942 0.0060736478527042915
60 166.8573357581095 0.0035916418167163677
65 175.4547868957351 0.003167006665986668
70 189.22846589785203 0.0017047305905388188
75 202.51297532136243 9.698230603538794E-4
80 211.1304658540462 8.602362795274408E-4
85 224.06381388751342 4.4504910990178026E-4
90 237.3420368796231 2.592214815570367E-4
95 246.07844904891925 2.3283053433893123E-4
100 258.4860655352424 1.259237481525038E-4
