Running KR Periodic
../../thesis-datasets/input_10/
0
10
20
30
40
50
60
70
80
90
File dir = 10 totalRuns = 100
10 20.301424741847487 0.4017671220000002
20 52.445446459945934 0.252709175
30 94.07329440921673 0.150597169
40 135.2905811836855 0.106420216
50 161.43629596343183 0.12986096600000002
60 220.09187308852884 0.055611627
70 254.4716476250577 0.061620020000000005
80 287.1883272549844 0.068421222
90 326.1339662996862 0.062202392
100 378.30755957248226 0.036942549
110 402.13457488320705 0.055971402
120 472.3385311520801 0.012301704999999998
130 457.00576947334804 0.07999206900000001
140 547.8844770562584 0.018454854
150 554.0578377348932 0.049239714000000004
160 592.8079243563886 0.049210143
170 669.5082426638473 0.01232272
180 715.9246679836323 0.00616729
190 747.1351917970006 0.018456384
200 794.4366582362367 0.006146342
../../thesis-datasets/input_15/
0
10
20
30
40
50
60
70
80
90
File dir = 15 totalRuns = 100
10 16.585250988437018 0.47875962762018637
20 41.48711462631085 0.34062177568911195
30 81.66427726045923 0.212085509957245
40 105.92623979984533 0.21631153484423266
50 158.7547266386551 0.12920930739534633
60 193.95863464926225 0.1175455292272354
70 227.96095581867658 0.11582451908774047
80 257.17398157797953 0.11963085918457039
90 327.39422530688176 0.05724923637538182
100 359.6582490376196 0.06128279235860381
110 394.21041471227096 0.061267364366317814
120 421.70086034221504 0.0724068547965726
130 503.5969228032411 0.022252900873549565
140 501.73376558384996 0.06121350339324831
150 556.008991285117 0.045115270442364776
160 567.716755172464 0.06747015926492038
170 656.2644182341352 0.02224571387714306
180 676.2270695743649 0.03894419452790274
190 715.0876265628663 0.034082972958513515
200 741.6226012620422 0.04447683876158062
../../thesis-datasets/input_20/
0
10
20
30
40
50
60
70
80
90
File dir = 20 totalRuns = 100
10 12.242179533469988 0.5558557989999998
20 31.4530056525375 0.41529526699999997
30 66.40038596443354 0.28534486499999995
40 81.92915396086097 0.29560846500000004
50 144.8524854742871 0.160022699
60 166.34480426007005 0.17542250800000006
70 212.9710097747173 0.136831762
80 234.62943332829207 0.14954137399999998
90 303.4453840740518 0.087794111
100 332.48679806484637 0.09164189
110 362.01580448503927 0.09751093700000002
120 362.9709683347985 0.13353016299999998
130 461.9481521881404 0.061358476
140 491.51106541026587 0.06727693400000001
150 552.6397740524895 0.040266699999999996
160 545.2567308524169 0.08141878
170 602.071361345026 0.06718790399999999
180 658.4642988642713 0.045211888000000006
190 716.7054573482441 0.030175723
200 724.5046061767239 0.05030487399999999
../../thesis-datasets/input_25/
0
10
20
30
40
50
60
70
80
90
File dir = 25 totalRuns = 100
10 13.711281250513535 0.5244688989999998
20 38.54216142761125 0.34411721300000003
30 71.14165487913418 0.246944946
40 99.46929453782096 0.214147461
50 130.38809023730113 0.19057222
60 170.59176344855166 0.15296052499999999
70 214.95713706146583 0.12335884700000001
80 244.9572457068855 0.12152988
90 284.48844447883477 0.10832608600000002
100 308.03439356108817 0.11653788399999998
110 372.1483222558979 0.07734790799999999
120 409.39991169540394 0.07270638800000001
130 433.28345633048104 0.08184389599999997
140 498.54380802763865 0.056026133000000006
150 521.7050466494474 0.064147276
160 550.9597959032923 0.07070082500000001
170 618.9340922156626 0.046274955
180 638.8373713371006 0.054500959999999994
190 680.3555125041103 0.04998114
200 701.6228967516588 0.059873351
../../thesis-datasets/input_30/
0
10
20
30
40
50
60
70
80
90
File dir = 30 totalRuns = 100
10 13.298021764083648 0.5179122141755718
20 39.307418404685116 0.32767247265505467
30 60.30329863432221 0.28690628118743766
40 99.38379347479311 0.20815945268109462
50 132.03480642542215 0.17905650588698818
60 173.54062393539502 0.141253231493537
70 196.9195109691488 0.1427986214027572
80 240.52946884551096 0.12161569476861046
90 273.4706776959359 0.11408891382217234
100 320.70483956956645 0.09551759996480005
110 348.56514427833974 0.09840825018349963
120 393.5397459218353 0.0855979288041424
130 419.00060358988696 0.08793977212045576
140 483.3250312768867 0.0616766396467207
150 506.8508419208834 0.07384373231253537
160 541.099637875683 0.06980978838042323
170 598.7229263203235 0.05467642264715471
180 649.3758821021195 0.04515938468123064
190 624.6759387038072 0.07800223399553201
200 689.442157528266 0.06224360451279098
shah@shah-lappy:~/Documents/Thesis/code$ javac Winnowing.java
shah@shah-lappy:~/Documents/Thesis/code$ java -Xmx4g Winnowing
Running winnowing Periodic
../../thesis-datasets/input_10/
0
10
20
30
40
50
60
70
80
90
File dir = 10 totalRuns = 100
10 7.605514849824624 0.636620162
20 10.499134608384304 0.5914801540000001
30 12.213138473333805 0.5295286879999997
40 13.565108750490912 0.4759094210000002
50 14.939958665037672 0.4293970980000001
60 16.4144002976031 0.3887967179999999
70 18.019012823418525 0.35327067500000003
80 19.76730713928686 0.32209742599999996
90 21.666979952624573 0.294706472
100 23.723265114643585 0.27057310500000004
../../thesis-datasets/input_15/
0
10
20
30
40
50
60
70
80
90
File dir = 15 totalRuns = 100
10 5.700314297830923 0.6556335231832384
20 12.723543217155552 0.5630470984764505
30 16.36235535324634 0.5193339303330347
40 17.904744791537233 0.4783487598256201
50 19.67450866083226 0.4410187524906239
60 21.192011489674563 0.4082889198555399
70 22.70062588991167 0.3788395595802203
80 24.328202641603397 0.35232143583928205
90 26.04000520427853 0.328521895739052
100 27.859718128812652 0.3068880245559875
../../thesis-datasets/input_20/
0
10
20
30
40
50
60
70
80
90
File dir = 20 totalRuns = 100
10 5.578848270792649 0.6556033920000001
20 14.33337335685613 0.5156378289999999
30 17.47523095785651 0.4944446010000003
40 21.775446421150615 0.45641917000000004
50 23.451174526913718 0.42496673499999993
60 25.595546308446373 0.3964066849999998
70 27.160401278480116 0.3712366769999999
80 28.923333658361567 0.34846271700000014
90 30.631933774752657 0.3280618640000001
100 32.46606731681692 0.30954762899999994
../../thesis-datasets/input_25/
0
10
20
30
40
50
60
70
80
90
File dir = 25 totalRuns = 100
10 5.678030884901256 0.655561382
20 11.015621356289827 0.5623607369999999
30 19.629753139883665 0.45921429799999985
40 22.44904769805829 0.4337010540000001
50 27.213632465567454 0.402992308
60 29.011608554994694 0.3782384799999998
70 30.77795733965952 0.355994545
80 33.11834750283799 0.335616528
90 34.85320756510224 0.31741475299999994
100 36.79459871853104 0.300859564
../../thesis-datasets/input_30/
0
10
20
30
40
50
60
70
80
90
File dir = 30 totalRuns = 100
10 5.588097888759867 0.6561497627004748
20 10.863386407366866 0.5592626464747074
30 21.473101002819803 0.41891419017161974
40 24.737001997364 0.4066243637512725
50 27.46013304133247 0.38515635368729273
60 32.93777032374663 0.36216623966752054
70 34.81357326806955 0.34346550006899995
80 36.607504882547694 0.3263252353495294
90 39.22582316089949 0.31041654616690767
100 40.971547856459686 0.29588100723798544
