$ java -Xmx6g KarbRabinTiming
========== Running KR + varianceFile.txt runs 100
100 99.89600825540612 1372723326
150 149.86235143021136 1355223271
200 199.99280025919066 1352595553
250 249.7633492266078 1346781589
300 299.5949476308032 1344160837
350 349.577011815703 1342635085
400 399.16972696790674 1344467069
450 449.3513613099491 1338542940
500 499.1414766601446 1345108033
550 549.6740432923276 1535929586
600 598.6876766128646 1339207661
650 649.4940441396152 1336440248
700 697.797750300053 1338214651
750 752.3322299127294 1339532001
800 799.0858457924135 1339407290
850 853.0458000290035 1336333702
900 897.5935516879247 1337234304
950 946.2797013541262 1337335571
1000 1000.4301849795412 1341007977


$ java -Xmx6g LocalMinimaTiming
100000000
========== Running LocalMinimaTiming  100 varianceFile.txt
100 201.04543626859672 1759165953
150 300.8224485744024 1683689309
200 401.3775276749805 1653539412
250 501.1526510975243 1616280079
300 600.3409936844128 1586185127
350 700.741384384679 1579162302
400 801.1215701982776 1577217767
450 901.648212933242 1567604444
500 1003.885035085782 1561736411
550 1103.789308696756 1563095533
600 1202.6892130804479 1562192200
650 1302.3546572202542 1552892490
700 1403.1346027024372 1551626376
750 1502.8554253080854 1551434752
800 1600.5377806943134 1547918419
850 1699.20647057824 1549865596
900 1800.6014008678899 1550860003
950 1902.5513213218926 1553952770
1000 2000.6802312786347 1549110857


100 50.49691489098473 1119020326
150 75.50030275621405 1080203256
200 100.58904947371809 1064375900
250 125.56488502651302 1051236146
300 150.5543410838708 1053080771
350 175.5880003160584 1042128671
400 200.5857102740001 1036040674
450 225.6735226282841 1030838727
500 250.70070848020217 1026276250
550 275.47526369869615 1025349268
600 300.5051491557308 1024397796
650 325.2529654939129 1026876109
700 350.22957548673156 1026070491
750 375.127543364744 1023581054
800 400.3442960946414 1023770522
850 424.93700308929203 1023974698
900 450.3672745123648 1020530898
950 475.2174119659744 1016953591
1000 499.87253250421145 1018541208
1050 524.4250989852375 1016773726
1100 549.3781039862876 1017952720
1150 574.6003654458324 1016158522
1200 599.9160117583539 1015832295
1250 624.5042997121035 1015771091
1300 649.9077131047392 1020833881
1350 675.219446320054 1015156676
1400 700.3242501278091 1013210298
1450 725.2841300579502 1014613873
1500 750.4070958494983 1013697006
1550 775.0556102400348 1014419086
1600 799.8912147947879 1011993143
1650 824.8239000973292 1010185469
1700 849.4516789412435 1009710251
1750 874.15643903633 1013378030
1800 898.658303153392 1018013175
1850 923.5742322789195 1015910844
1900 948.316737790422 1012819033
1950 972.7058731980624 1013902984
2000 997.6455564866914 1010558930
