shah@shah-lappy:~/Documents/Thesis/code$ java -Xmx3g KarbRabin
Running KR Periodic
../../thesis-datasets/input_10/
0
10
20
30
40
50
60
70
80
90
File dir = 10 totalRuns = 100
10 164.97799868698038 0.5965053760000001
20 510.5246126285517 0.38388851899999993
30 959.9316740958492 0.23018371200000004
40 1403.7717164685519 0.16302799
50 1678.374394185557 0.201116675
60 2295.719109518167 0.08620209499999999
70 2677.5984432087616 0.09573261500000001
80 3011.1444924301804 0.10543012300000001
90 3411.272625144235 0.095816666
100 3989.6704676504737 0.057436738999999994
110 4201.598314209494 0.086257849
120 4972.828975608678 0.019154249
130 4864.667515327851 0.12446439399999999
140 5812.502219271872 0.028711649000000002
150 5789.016138855132 0.07657954000000002
160 6220.634905421318 0.07660349400000001
170 7127.994005889415 0.01914935
180 7543.454358366558 0.009572302
190 8035.30618102619 0.028709995999999998
200 8423.444014358103 0.009571134
../../thesis-datasets/input_15/
0
10
20
30
40
50
60
70
80
90
File dir = 15 totalRuns = 100
10 101.27411770604517 0.7462257848871073
20 355.57553076702686 0.5611303444348279
30 804.473835814537 0.35166126116936947
40 1056.5545515528443 0.3609052485473757
50 1632.0404708466124 0.21813425693287156
60 2009.0961328709718 0.1991514644242678
70 2356.584107786046 0.1902652218673891
80 2676.1950682896845 0.1994288132855933
90 3425.5268648783913 0.09503618448190776
100 3766.3386196966767 0.10424999787500105
110 4127.113820914736 0.10427367486316257
120 4437.098845502897 0.1232298983850508
130 5384.337105655067 0.03790796204601898
140 5259.228997725462 0.10425415087292457
150 5878.7103668136915 0.07591217304391348
160 5943.392671278296 0.11383580508209747
170 6950.437876166575 0.03791561104219448
180 7153.220824485079 0.06635481882259059
190 7472.369827239487 0.05698626050686975
200 7799.5977089032085 0.07580083109958445
../../thesis-datasets/input_20/
0
10
20
30
40
50
60
70
80
90
File dir = 20 totalRuns = 100
10 39.54133401720141 0.8871854760000002
20 214.43731567931306 0.7186998950000002
30 600.27758828667 0.5005217150000001
40 753.4275630714798 0.527813206
50 1457.4833662562492 0.29163420300000004
60 1669.918960343564 0.319772992
70 2185.12752618306 0.245021123
80 2420.250981781665 0.272749942
90 3167.6213227022463 0.159938023
100 3465.7935133215115 0.16912378399999997
110 3758.420959246455 0.17866442800000001
120 3779.452266852103 0.24442354900000002
130 4844.165274946966 0.11277739499999999
140 5141.334088297506 0.122340427
150 5748.8050041737015 0.075079597
160 5755.6667519199345 0.15031345
170 6458.816426658046 0.12230421300000001
180 6954.9171935072445 0.084452605
190 7539.427986176887 0.05630892999999999
200 7580.4876795550645 0.09385921700000001
../../thesis-datasets/input_25/
0
10
20
30
40
50
60
70
80
90
File dir = 25 totalRuns = 100
10 41.932676519020454 0.8817492219999994
20 290.6136648158879 0.6294924720000004
30 642.0076560969579 0.468040274
40 934.4243110357481 0.41981640299999995
50 1277.2503006322183 0.37319098500000003
60 1699.8887084209077 0.307150129
70 2209.9374745423297 0.242499776
80 2501.327893936011 0.24217857899999995
90 2942.5611144827503 0.21434236899999998
100 3178.3207158748614 0.232799876
110 3874.4317540165102 0.15796523699999998
120 4237.438930313319 0.14863961199999998
130 4528.503998976176 0.167261963
140 5226.856190865002 0.11176009100000002
150 5444.446156400806 0.130151982
160 5762.889836766297 0.139809133
170 6512.669468257632 0.093077097
180 6678.303214057246 0.111472092
190 7123.143892118216 0.10222391400000001
200 7342.295912458268 0.12093143299999999
../../thesis-datasets/input_30/
0
10
20
30
40
50
60
70
80
90
File dir = 30 totalRuns = 100
10 37.81562753506975 0.8887217645564705
20 284.7043166256877 0.6345371709256581
30 484.5188275650911 0.5847470325059348
40 926.5007720135447 0.426738542522915
50 1282.096319200926 0.3707401635196729
60 1738.9496043090905 0.2962004805990388
70 1954.540770677143 0.31335275129449736
80 2446.4965971902852 0.2588269743460513
90 2787.1323277699876 0.24896016707966587
100 3321.48887539984 0.20332651834696333
110 3579.5237659561008 0.2123133643732713
120 4094.747242147068 0.1845684838630323
130 4331.94466179693 0.19349347301305397
140 5012.983440762915 0.138005686988626
150 5317.1109932650115 0.15710389279221437
160 5682.044271273043 0.15639280421439158
170 6262.895707183244 0.11981704436591127
180 6847.839041659409 0.10116382767234466
190 6496.328039866011 0.17476902746194503
200 7241.52238409562 0.13807606084787827
shah@shah-lappy:~/Documents/Thesis/code$ javac Win
Win2.java             Winnowing.java        
Win2Timing.java       WinnowingTiming.java  
shah@shah-lappy:~/Documents/Thesis/code$ javac Winnowing.java
shah@shah-lappy:~/Documents/Thesis/code$ java -Xmx3g Winnowing
Running winnowing Periodic
../../thesis-datasets/input_10/
0
10
20
30
40
50
60
70
80
90
File dir = 10 totalRuns = 100
10 9.660706209173807 0.960339623
20 10.085709749270666 0.9529811009999999
30 10.223235501003312 0.9426554789999999
40 10.333554191011485 0.9326999720000002
50 10.44468442852489 0.9228811689999997
60 10.557193011820274 0.9131966980000001
70 10.67123858321118 0.9036392890000002
80 10.7868400291222 0.8942083310000005
90 10.904015764684464 0.8849033459999999
100 11.022773097333916 0.8757228019999996
110 11.143143848434145 0.866663015
120 11.265146201824898 0.8577231629999997
130 11.388748532116924 0.8489026070000005
140 11.514095690885274 0.8401986239999997
150 11.641122347723178 0.8316101769999998
160 11.769906592840021 0.8231378820000002
170 11.90041743338778 0.8147725470000001
180 12.032724185848181 0.806521988
190 12.166847346062662 0.7983733450000001
200 12.302795794619223 0.7903320409999997
210 12.440634498744364 0.7823919909999998
220 12.58039032889018 0.774566729
230 12.722103269158533 0.7668330419999999
240 12.865703150378724 0.7592060449999998
250 13.011275148895258 0.7516727929999999
260 13.15883713934713 0.7442382630000001
270 13.308416155833159 0.736901403
280 13.460096291163902 0.7296694550000001
290 13.613956471374076 0.7225264390000001
300 13.76983892256234 0.7154736749999999
310 13.927962476893699 0.7085146059999999
320 14.088256746523388 0.7016411430000001
330 14.25068338251747 0.6948604870000001
340 14.415290715538388 0.6881599129999999
350 14.582281023970609 0.6815495949999998
360 14.751578109316766 0.6750287669999999
370 14.923224781709996 0.668588654
380 15.097326971995098 0.662225736
390 15.273723422968896 0.6559475599999999
400 15.452567421031711 0.6497487359999998
../../thesis-datasets/input_15/
0
10
20
30
40
50
60
70
80
90
File dir = 15 totalRuns = 100
10 5.9005102226907535 0.9631245144377426
20 14.703174795626408 0.9487226166386921
30 15.202039862324192 0.9407552346223828
40 15.327268959789228 0.933166236416882
50 15.454625081710496 0.9256752621623694
60 15.578393004521763 0.9183374448312774
70 15.704703321135614 0.9109954715022639
80 15.832010578809605 0.9037549041225478
90 15.959806920693065 0.8966493506753247
100 16.090243114007396 0.8895447492276254
110 16.221927935792948 0.8825373377313314
120 16.353925174019867 0.8756642781678607
130 16.488673894903833 0.8687880106059944
140 16.624673471190352 0.8620043329978339
150 16.761069034327985 0.8553531623234192
160 16.900279793474212 0.8486963606518201
170 17.040762482276357 0.8421321109339444
180 17.181704867110415 0.8356906541546728
190 17.325616225514278 0.8292412683793657
200 17.470810250028027 0.822879811560094
210 17.6165041604164 0.8166401856799074
220 17.765110814446963 0.8103935978032011
230 17.915170253867085 0.8042314528842734
240 18.065647280881116 0.7981932169033911
250 18.219367651859994 0.7921411299294353
260 18.374476741772927 0.7861756209121894
270 18.53017369639972 0.7803236348381821
280 18.688990754935656 0.7744650107674949
290 18.849344573844686 0.7686881146559424
300 19.01031106764254 0.7630159164920421
310 19.17459280949059 0.7573370333314833
320 19.34038866236318 0.7517354091322959
330 19.506798382976775 0.746238015880992
340 19.676684626286605 0.7407313746343127
350 19.848095719321964 0.7353017963491016
360 20.020244549178422 0.7299708040145982
370 20.195948458989545 0.7246332146833927
380 20.373169660064008 0.7193760793119605
390 20.551430761525484 0.7142108008945997
400 20.733212069756032 0.7090337714831145
../../thesis-datasets/input_20/
0
10
20
30
40
50
60
70
80
90
File dir = 20 totalRuns = 100
10 5.744110889568134 0.963166409
20 19.18243084402239 0.9404799730000001
30 19.655731907068134 0.9365862200000001
40 20.269702040172515 0.9289286250000002
50 20.415479688719458 0.9223352450000003
60 20.568161644204284 0.9157533690000003
70 20.713617219546357 0.9093015010000003
80 20.861960924576675 0.9028673649999999
90 21.010330396538663 0.8965577759999998
100 21.16171592828221 0.8902599679999997
110 21.313328107264052 0.884079914
120 21.467742916525022 0.8779151870000002
130 21.6227136858537 0.8718583430000001
140 21.7804947773716 0.865820579
150 21.938588774174242 0.8598929050000002
160 22.099757798467834 0.85398067
170 22.261358918342765 0.848181074
180 22.425822325956844 0.8423941469999998
190 22.590746273038555 0.8367143990000002
200 22.758626043160692 0.8310514359999998
210 22.92721298300348 0.8254885479999998
220 23.09870586273343 0.81994248
230 23.270914244599012 0.8144894360000002
240 23.446055591863683 0.8090534569999995
250 23.622082813211367 0.8037153050000002
260 23.800974641518927 0.7983900850000002
270 23.980804873904322 0.7931674930000002
280 24.16335323569758 0.787951894
290 24.347064323621815 0.7828299909999995
300 24.533764555206012 0.7777245909999999
310 24.72136798239494 0.772709805
320 24.91214329034912 0.7677084679999999
330 25.104110271217888 0.7627949919999996
340 25.29890542279314 0.7578930400000001
350 25.49484916579965 0.753079465
360 25.694111821849702 0.7482657989999999
370 25.894462594181217 0.74354663
380 26.097841394376317 0.7388335490000002
390 26.302462141768 0.7342134650000002
400 26.51052825770182 0.7295943760000003
../../thesis-datasets/input_25/
0
10
20
30
40
50
60
70
80
90
File dir = 25 totalRuns = 100
10 5.836934918844122 0.963168359
20 11.43841132559082 0.9484606279999999
30 24.25495724959335 0.929805953
40 24.62675225629355 0.9244145120000001
50 25.321892079814315 0.9175298839999999
60 25.487724357999365 0.9115614479999999
70 25.65357249485088 0.9056648190000004
80 25.826619865482968 0.8998067030000003
90 25.99271863079956 0.8940471209999997
100 26.161382193174603 0.8883286859999996
110 26.331541020899948 0.8826606300000003
120 26.503243352495048 0.877063091
130 26.676973063626505 0.8715022560000001
140 26.85135907730695 0.8660356730000001
150 27.02850222046686 0.860604961
160 27.207319483759385 0.8552136590000005
170 27.387829950727408 0.8498986880000001
180 27.570466576030896 0.8446125209999998
190 27.753889803756675 0.8394155439999998
200 27.94011215163524 0.8342515920000001
210 28.12822249693877 0.8291203789999999
220 28.31798521206494 0.8240620260000001
230 28.510089040676927 0.8190306999999999
240 28.70311042871968 0.8140832669999998
250 28.89898399395786 0.8091745779999999
260 29.09690390640031 0.8042905589999998
270 29.296475496881285 0.7994789199999995
280 29.498496598915338 0.7946993460000001
290 29.701681835102693 0.7899881949999995
300 29.907643092539193 0.7853176789999999
310 30.11568021824395 0.780673211
320 30.32588405966924 0.7760878749999995
330 30.538269394620862 0.7715359029999997
340 30.75220912406297 0.7670430780000003
350 30.96915862686821 0.762590651
360 31.18855198935392 0.7581595400000005
370 31.409934351677727 0.753794548
380 31.633651870966204 0.7494628740000002
390 31.859114489442913 0.7451880179999998
400 32.087207447414315 0.7409522669999997
../../thesis-datasets/input_30/
0
10
20
30
40
50
60
70
^Z
[1]+  Stopped                 java -Xmx3g Winnowing
