Running KR Periodic
../thesis-datasets/input_10/
0
10
20
30
40
50
60
70
80
90
File dir = 10 totalRuns = 100
10 212.33450099144514 0.490360128
20 590.4039620485055 0.29753951600000006
30 955.5282871555715 0.23981290700000002
40 1442.6524096144994 0.15342694799999998
50 1841.6528463733048 0.12449687699999998
60 2254.590485486846 0.11508741400000001
70 2732.1112246985363 0.08617322899999999
80 3188.9405798071493 0.067115406
90 3392.191470265129 0.11488701199999998
100 3932.7365778107014 0.07659155100000001
110 4328.791568895144 0.07660338900000001
120 4832.995704629611 0.05753027699999999
130 5360.67798373729 0.028724402000000003
140 5850.238925346866 0.028713170999999996
150 5956.792435659793 0.047861309
160 6620.6683402517765 0.03829271
170 6796.475557754012 0.066996488
180 7405.386019685755 0.047858582
190 7634.671763646192 0.047880154
200 8223.099269412796 0.047860497
../thesis-datasets/input_15/
0
10
20
30
40
50
60
70
80
90
File dir = 15 totalRuns = 100
10 88.30067513895744 0.774520825739587
20 353.2609013498913 0.5615733232133383
30 763.8124806585815 0.3804231237884382
40 1106.4133557545706 0.3323348908325546
50 1647.2220087188498 0.20891886754056618
60 1953.3233851665227 0.21859344370327816
70 2559.181294090283 0.1327669776165112
80 2877.298412401036 0.14220994089502956
90 3383.5390336909327 0.10443407078296463
100 3665.9051309324714 0.12334802132598932
110 3805.1444300054454 0.18019925690037153
120 4525.045466296454 0.10444510677744662
130 4925.332748476074 0.10428782085608958
140 5551.4473770072855 0.05686923456538271
150 5885.439245185934 0.06633906583046709
160 6361.39499370632 0.05686549256725371
170 6772.7601744149915 0.05686383056808471
180 7142.393708242984 0.057034785482607264
190 7442.918197431931 0.06633407183296408
200 7918.053038044143 0.06633290683354658
../thesis-datasets/input_20/
0
10
20
30
40
50
60
70
80
90
File dir = 20 totalRuns = 100
10 31.709899777287802 0.90578162
20 248.05216824893026 0.6816188279999997
30 605.1560996923164 0.500605187
40 923.9551799009962 0.4333108810000001
50 1461.2923236832307 0.29142569
60 1668.2640015516988 0.32891211800000003
70 2060.1460485356365 0.291345271
80 2440.0435896684544 0.263217872
90 2930.0228579162335 0.216643275
100 3425.4347490757123 0.17833801900000001
110 3663.782440494912 0.20678721199999997
120 4434.265813652624 0.12203959599999999
130 4673.294866196338 0.141315223
140 4885.808772046814 0.16893570499999996
150 5804.447361671865 0.075073108
160 5373.786883129257 0.187860603
170 6298.885157035228 0.12201529699999998
180 6418.87531930277 0.15013220700000002
190 6990.15676427753 0.12217837999999999
200 7505.277803877416 0.10322864999999998
../thesis-datasets/input_25/
0
10
20
30
40
50
60
70
80
90
File dir = 25 totalRuns = 100
10 32.24127238572798 0.9025347920000003
20 248.86589591542491 0.6786343399999999
30 455.2606305474595 0.6085748680000002
40 804.5465636177104 0.4964585980000002
50 1233.2967572947337 0.392903946
60 1375.9211729313558 0.4284268390000001
70 1916.6754205800307 0.3352648920000001
80 2332.444274477759 0.289194164
90 2757.1329767956295 0.26137481
100 3349.042564706717 0.196152032
110 3775.1866712518263 0.176744637
120 3798.3755156474335 0.232433102
130 4486.231288631431 0.16780941900000002
140 4787.978931195979 0.186058875
150 5146.847143348465 0.17651754100000003
160 5314.2025970810055 0.19573783000000006
170 6139.572262669649 0.13960501099999997
180 6459.065975885552 0.13961962
190 7124.041306510076 0.102213795
200 7611.391340799493 0.093291845
../thesis-datasets/input_30/
0
10
20
30
40
50
60
70
80
90
File dir = 30 totalRuns = 100
10 25.521416709287692 0.9175506708986586
20 191.8104325941424 0.7399510000979999
30 491.61454237942314 0.5772766464467071
40 824.6636127986052 0.4835045229909539
50 1027.250796069536 0.4801294977410045
60 1496.4104361799382 0.37960572878854243
70 1629.6739557775954 0.41556380087239825
80 2398.5539036683135 0.2690306239387521
90 2533.1324648672294 0.30438927822144357
100 2916.723552838327 0.2857321615356769
110 3424.137023176201 0.24981957636084728
120 3937.833520692813 0.20308457083085835
130 4521.614196776576 0.16560408479183042
140 4419.280737264645 0.22994969110061778
150 5089.686750919312 0.17474801850396302
160 5529.00368541464 0.16641593516812964
170 6245.249100997684 0.11985963528072946
180 5921.464254991634 0.202758487483025
190 7051.787679044832 0.11065931868136263
200 7256.679735877145 0.12874661550676897


=============================================
shah@shah-lappy:~/Documents/Thesis$ java -Xmx3g LocalMinima
Running 2min Periodic
../thesis-datasets/input_10/
0
10
20
30
40
50
60
70
80
90
File dir = 10 totalRuns = 100
10 20.070917939532094 0.9371787829999999
20 30.268157736347376 0.905869131
30 40.54399544120317 0.8741665039999998
40 50.93454415322865 0.843626867
50 61.44392899665135 0.8145561869999999
60 72.07271801215057 0.7855906279999999
70 82.81752843327227 0.7578532220000005
80 93.68956657631686 0.7313799480000002
90 104.6691623560687 0.7056858389999999
100 115.7850680524637 0.681034359
110 127.0116566597006 0.6573876590000002
120 138.37345847540524 0.6343363299999998
130 149.8749222269303 0.6122935539999997
140 161.4595037495846 0.5911771480000001
150 173.20249622006514 0.5703223479999999
160 185.08476934601788 0.5507436490000004
170 197.07065320887588 0.531665495
180 209.1562181247411 0.5134402870000002
190 221.40652974819193 0.49551478400000026
200 233.78146593709516 0.4785622350000002
../thesis-datasets/input_15/
0
10
20
30
40
50
60
70
80
90
File dir = 15 totalRuns = 100
10 15.20908924059483 0.940569642715179
20 30.350640850772407 0.9091827414086296
30 45.33867199075003 0.8755246602376701
40 46.100806648820765 0.8608307715846142
50 61.28179900652152 0.8278389350805325
60 76.4174902025727 0.7959134710432646
70 77.68630085697986 0.782852004573998
80 93.01839395503455 0.7524030587984706
90 108.31501252668626 0.7230626314686843
100 110.08585237851119 0.7114174812912593
110 125.58458068971912 0.6838618610690689
120 141.05088659170593 0.657139630430185
130 143.32630524368918 0.6467465756267119
140 158.99148082156174 0.6218429460785269
150 174.64116114153097 0.5974690322654838
160 177.4100215287552 0.5882300768849614
170 193.2691371166598 0.5654926242536878
180 209.06534989608645 0.5436058721970639
190 212.34334341457105 0.5352986073506963
200 228.3943135353019 0.5144783667608165
../thesis-datasets/input_20/
0
10
20
30
40
50
60
70
80
90
File dir = 20 totalRuns = 100
10 20.05271705130218 0.9327700559999998
20 40.08460861935314 0.8959783849999998
30 40.68121927480817 0.8826737729999998
40 60.44997001778645 0.844142579
50 61.324746828070204 0.8326114590000006
60 81.11207208970387 0.7951153749999998
70 82.27624478067997 0.7836331560000004
80 102.08448093962522 0.7484861659999997
90 103.546012335834 0.737775165
100 123.38743138125184 0.70465172
110 125.1404993775055 0.6948316270000001
120 145.0110883469875 0.6632627959999999
130 147.04419823838944 0.654176794
140 166.9634183239753 0.6242493090000002
150 169.2751156518396 0.6156501059999999
160 189.22409069103472 0.587881948
170 191.85817818795775 0.579898989
180 211.8381248530691 0.553505702
190 214.76428585956273 0.5460014000000001
200 234.81069563223303 0.5213280950000002
../thesis-datasets/input_25/
0
10
20
30
40
50
60
70
80
90
File dir = 25 totalRuns = 100
10 22.730875973190997 0.927462793
20 25.58050241674973 0.9112903919999998
30 50.3943263208584 0.8690439170000005
40 51.08405654701673 0.8572486600000002
50 75.57162756003328 0.8139029400000001
60 76.57958445077718 0.8030665830000003
70 77.60845682307973 0.7924347000000003
80 102.19568748988495 0.7510971599999998
90 103.55316607868997 0.7411677650000001
100 127.94246299806255 0.7023083799999997
110 129.6288619578218 0.6930312289999999
120 131.34318215346 0.68421064
130 155.82791221861754 0.6483172610000003
140 157.8619907234848 0.6400035570000001
150 182.1806276467158 0.6058580669999999
160 184.53863016664323 0.59839923
170 186.92615658578728 0.590973173
180 211.3667579704284 0.55964365
190 214.06690246058378 0.5526285689999999
200 238.35162849521438 0.5233861260000002
../thesis-datasets/input_30/
0
10
20
30
40
50
60
70
80
90
File dir = 30 totalRuns = 100
10 22.29475810659617 0.927770151459697
20 30.44524122079088 0.9047807744384511
30 60.035510726318115 0.8561881756236488
40 60.766498149506724 0.8459335811328381
50 61.49945935071806 0.8359838640322715
60 90.68869401683338 0.7873982162035676
70 91.75440492782658 0.7781904526190949
80 92.8409061580777 0.7691098387803222
90 121.89346289955944 0.7233693602612793
100 123.31312059490955 0.7150352549294903
110 124.76370293152054 0.7067609474781048
120 153.69251700376637 0.6639907580184837
130 155.46276268414476 0.6566064177871646
140 157.26929010220582 0.6493458423083149
150 186.08239672235035 0.6101494187011623
160 188.21655973453795 0.6032934534130932
170 190.3756790057676 0.5965857918284165
180 219.078624782858 0.5604404141191716
190 221.56620427195526 0.5542005895988208
200 224.07982359341315 0.5481852656294687


================================
shah@shah-lappy:~/Documents/Thesis$ java -Xmx3g Winnowing
Running 2min Periodic
../thesis-datasets/input_10/
0
10
20
30
40
50
60
70
80
90
File dir = 10 totalRuns = 100
10 9.65899836723445 0.9602643960000005
20 10.073474185961755 0.9526539490000004
30 10.212482584206485 0.9421072629999998
40 10.325190461963984 0.9319350279999997
50 10.438814307388114 0.9219074660000001
60 10.55396674680527 0.9120197839999998
70 10.67073715867954 0.9022684
80 10.78918663478717 0.8926504600000003
90 10.909295028677882 0.8831639539999999
100 11.031056631972485 0.8738080169999999
110 11.15460206592289 0.8645744340000006
120 11.279884449340836 0.8554687060000002
130 11.406970243285164 0.846487837
140 11.535821491243075 0.8376313439999999
150 11.66648663019944 0.8288965919999999
160 11.798999395538846 0.8202862919999998
170 11.933345822801408 0.8117882369999998
180 12.06960909423402 0.8034085799999999
190 12.207905823189023 0.7951403839999998
200 12.348130642340791 0.7869801690000001
../thesis-datasets/input_15/
0
10
20
30
40
50
60
70
80
90
File dir = 15 totalRuns = 100
10 5.753334288659371 0.9631087284456354
20 14.698178310392345 0.9486983946508027
30 15.190991691725044 0.9404467887766056
40 15.320789134802826 0.9325631477184261
50 15.453400908669671 0.9247624076187964
60 15.582753697793365 0.9171095064452469
70 15.714129466844353 0.9095035172482411
80 15.84701913942455 0.9019846090076957
90 15.980810925690115 0.8946003846998076
100 16.116872168818617 0.8872613773693113
110 16.25446073464844 0.8800040489979757
120 16.393054510508723 0.8728760115619947
130 16.533977645128434 0.8657924151037925
140 16.67656715888232 0.8587867166066414
150 16.82008241205814 0.8519022970488515
160 16.96609269784175 0.8450574414712791
170 17.113792555467572 0.8382881238559378
180 17.26249123248809 0.8316437171781415
190 17.413635720289694 0.8250378064810969
200 17.566701053857333 0.8184992837503584
../thesis-datasets/input_20/
0
10
20
30
40
50
60
70
80
90
File dir = 20 totalRuns = 100
10 5.9265128619572955 0.9632458930000002
20 19.192432542425017 0.9406584180000002
30 19.672338570374418 0.9365872920000002
40 20.266097241446722 0.9288408469999997
50 20.41625181959621 0.9220423760000002
60 20.570087035904866 0.9153740660000002
70 20.71997134765443 0.9087188829999999
80 20.87033820179336 0.9022030589999999
90 21.023474645677506 0.8956892069999999
100 21.17687444511575 0.8893129159999998
110 21.33307120630143 0.8829369809999998
120 21.489584809488182 0.8766935570000003
130 21.649064730147515 0.8704528900000003
140 21.808862783953785 0.8643454020000001
150 21.97173889591332 0.8582307059999998
160 22.13497726934534 0.8522478250000002
170 22.301312126924348 0.8462637160000002
180 22.46805083240231 0.8404060500000001
190 22.637992685384784 0.834546981
200 22.808087447433557 0.8288139739999997
../thesis-datasets/input_25/
0
10
20
30
40
50
60
70
80
90
File dir = 25 totalRuns = 100
10 5.679160243212648 0.9631544680000002
20 11.2141800894515 0.947856391
30 24.262387228449967 0.929691789
40 24.634615152299652 0.9241304259999998
50 25.331411848807896 0.9171612540000004
60 25.505193715567003 0.9109160380000002
70 25.67771733162416 0.9047760929999998
80 25.857399955134156 0.898689297
90 26.031917537144782 0.8926578299999999
100 26.207152701618188 0.8867171570000001
110 26.385378423573776 0.880785682
120 26.56428418448185 0.8749468279999998
130 26.744764563206175 0.8691663899999998
140 26.927883772770706 0.8634212289999997
150 27.11170919172256 0.8577677629999998
160 27.2987685950073 0.852118247
170 27.48671409717385 0.8465636440000001
180 27.676527620801522 0.8410557209999995
190 27.868816428355835 0.835586133
200 28.06178661183187 0.8302030229999998
../thesis-datasets/input_30/
0
10
20
30
40
50
60
70
80
90
File dir = 30 totalRuns = 100
10 5.6078609569154505 0.9631160367679265
20 11.566969028017276 0.9478762462475078
30 28.716918096360153 0.9216905976188052
40 29.25930464418924 0.9185705338589324
50 29.609100910576284 0.9129408231183542
60 30.423358776216755 0.9066963946072109
70 30.607066631284336 0.9012650554698888
80 30.789028485197754 0.8959078741842513
90 30.982103835489596 0.8905720958558082
100 31.165683230602752 0.885291080417839
110 31.350184404426 0.8800735758528485
120 31.537206970481737 0.8748878212243574
130 31.725484631278665 0.8697418305163389
140 31.91478242888214 0.8646602386795225
150 32.106562566195485 0.8596019797960405
160 32.29985551188504 0.854587626824746
170 32.49420390968194 0.8496402467195066
180 32.690958061797616 0.8447203145593711
190 32.889021596177926 0.8398399843200314
200 33.088566260087845 0.835021560956878

===================================

shah@shah-lappy:~/Documents/Thesis$ java -Xmx3g Winnowing
Running 2min Periodic
../thesis-datasets/input_10/
0
10
20
30
40
50
60
70
80
90
File dir = 10 totalRuns = 100
10 9.65899836723445 0.9602643960000005
20 10.073474185961755 0.9526539490000004
30 10.212482584206485 0.9421072629999998
40 10.325190461963984 0.9319350279999997
50 10.438814307388114 0.9219074660000001
60 10.55396674680527 0.9120197839999998
70 10.67073715867954 0.9022684
80 10.78918663478717 0.8926504600000003
90 10.909295028677882 0.8831639539999999
100 11.031056631972485 0.8738080169999999
110 11.15460206592289 0.8645744340000006
120 11.279884449340836 0.8554687060000002
130 11.406970243285164 0.846487837
140 11.535821491243075 0.8376313439999999
150 11.66648663019944 0.8288965919999999
160 11.798999395538846 0.8202862919999998
170 11.933345822801408 0.8117882369999998
180 12.06960909423402 0.8034085799999999
190 12.207905823189023 0.7951403839999998
200 12.348130642340791 0.7869801690000001
210 12.490343560334173 0.7789351890000001
220 12.63459285273019 0.7709912910000003
230 12.780919124944498 0.7631672879999999
240 12.929346124208372 0.7554466790000004
250 13.079894746636956 0.7478189590000001
260 13.232569687508258 0.7403047080000001
270 13.387388011812911 0.7328826470000002
280 13.54443084654252 0.7255613470000003
290 13.703817889926645 0.7183402360000001
300 13.865445822517254 0.7112135950000003
310 14.029389606269335 0.7041851939999999
320 14.19569535976898 0.6972492159999999
330 14.364280684273508 0.6904112279999999
340 14.535308124020947 0.683657512
350 14.708804073515003 0.676996921
360 14.884842764768866 0.6704221820000004
370 15.06334984618713 0.6639379759999998
380 15.24443488875974 0.6575419840000001
390 15.428175468470254 0.651228354
400 15.61454635726474 0.644998675
../thesis-datasets/input_15/
0
10
20
30
40
50
60
70
80
90
File dir = 15 totalRuns = 100
10 5.753334288659371 0.9631087284456354
20 14.698178310392345 0.9486983946508027
30 15.190991691725044 0.9404467887766056
40 15.320789134802826 0.9325631477184261
50 15.453400908669671 0.9247624076187964
60 15.582753697793365 0.9171095064452469
70 15.714129466844353 0.9095035172482411
80 15.84701913942455 0.9019846090076957
90 15.980810925690115 0.8946003846998076
100 16.116872168818617 0.8872613773693113
110 16.25446073464844 0.8800040489979757
120 16.393054510508723 0.8728760115619947
130 16.533977645128434 0.8657924151037925
140 16.67656715888232 0.8587867166066414
150 16.82008241205814 0.8519022970488515
160 16.96609269784175 0.8450574414712791
170 17.113792555467572 0.8382881238559378
180 17.26249123248809 0.8316437171781415
190 17.413635720289694 0.8250378064810969
200 17.566701053857333 0.8184992837503584
210 17.72058513096848 0.812080096959952
220 17.877264177686037 0.8056948401525801
230 18.035798418625372 0.7993875343062327
240 18.19536561788752 0.7931827534086231
250 18.357570996276984 0.7870204394897803
260 18.5217933014599 0.7809209545395229
270 18.68708085099933 0.7749275795362104
280 18.855155776964224 0.768973084513458
290 19.025410801756767 0.7630804084597956
300 19.196630152234217 0.7572910443544782
310 19.370752622915226 0.7515363372318317
320 19.547178803625766 0.7458482870758567
330 19.72466915565172 0.740255316872342
340 19.905142622063494 0.7346963256518371
350 20.087788641424172 0.7291963424018286
360 20.271705936269445 0.723784859107571
370 20.45869647944782 0.7184130907934545
380 20.64808484217144 0.7130911094544454
390 20.8385880098805 0.7078584600707696
400 21.03235430005251 0.7026659146670425
../thesis-datasets/input_20/
0
10
20
30
40
50
60
70
80
90
File dir = 20 totalRuns = 100
10 5.9265128619572955 0.9632458930000002
20 19.192432542425017 0.9406584180000002
30 19.672338570374418 0.9365872920000002
40 20.266097241446722 0.9288408469999997
50 20.41625181959621 0.9220423760000002
60 20.570087035904866 0.9153740660000002
70 20.71997134765443 0.9087188829999999
80 20.87033820179336 0.9022030589999999
90 21.023474645677506 0.8956892069999999
100 21.17687444511575 0.8893129159999998
110 21.33307120630143 0.8829369809999998
120 21.489584809488182 0.8766935570000003
130 21.649064730147515 0.8704528900000003
140 21.808862783953785 0.8643454020000001
150 21.97173889591332 0.8582307059999998
160 22.13497726934534 0.8522478250000002
170 22.301312126924348 0.8462637160000002
180 22.46805083240231 0.8404060500000001
190 22.637992685384784 0.834546981
200 22.808087447433557 0.8288139739999997
210 22.98171435705284 0.8230778909999994
220 23.155497982168743 0.817461914
230 23.332883617307115 0.8118382839999999
240 23.510430667176028 0.806339697
250 23.691432180398127 0.8008356370000002
260 23.87272497549593 0.795448332
270 24.05763796733852 0.7900629939999998
280 24.242698041203862 0.7847848230000004
290 24.43174602487839 0.7795021630000001
300 24.62103801783506 0.7743261010000001
310 24.814094377380762 0.7691486040000001
320 25.00750622155696 0.7640786060000001
330 25.20468866071753 0.759011624
340 25.402277795534037 0.7540392619999998
350 25.60380310184475 0.7490770199999999
360 25.80568544474373 0.7442074220000001
370 26.011506487518368 0.7393448629999996
380 26.218003971757163 0.7345758910000002
390 26.428472972000833 0.7298068450000003
400 26.639362233518504 0.7251325700000002
../thesis-datasets/input_25/
0
10
20
30
40
50
60
70
80
90
File dir = 25 totalRuns = 100
10 5.679160243212648 0.9631544680000002
20 11.2141800894515 0.947856391
30 24.262387228449967 0.929691789
40 24.634615152299652 0.9241304259999998
50 25.331411848807896 0.9171612540000004
60 25.505193715567003 0.9109160380000002
70 25.67771733162416 0.9047760929999998
80 25.857399955134156 0.898689297
90 26.031917537144782 0.8926578299999999
100 26.207152701618188 0.8867171570000001
110 26.385378423573776 0.880785682
120 26.56428418448185 0.8749468279999998
130 26.744764563206175 0.8691663899999998
140 26.927883772770706 0.8634212289999997
150 27.11170919172256 0.8577677629999998
160 27.2987685950073 0.852118247
170 27.48671409717385 0.8465636440000001
180 27.676527620801522 0.8410557209999995
190 27.868816428355835 0.835586133
200 28.06178661183187 0.8302030229999998
210 28.258039828806137 0.8248235560000002
220 28.455317299391563 0.8195341210000001
230 28.654679916021095 0.8142919699999998
240 28.856663486325953 0.8090849689999997
250 29.059451292086866 0.803959018
260 29.265809338674558 0.798836449
270 29.472468899521974 0.7938028610000003
280 29.68174889396755 0.7888093989999999
290 29.894158460629864 0.7838461029999998
300 30.106893689543586 0.7789669670000001
310 30.32368875860669 0.7740812569999999
320 30.541183543074357 0.7692817829999997
330 30.761105559285305 0.7645190230000002
340 30.98421671432407 0.7597848110000003
350 31.207802007523252 0.7551272769999997
360 31.43581511156538 0.7504748099999997
370 31.66430185323814 0.7458976049999998
380 31.895390085108506 0.741367597
390 32.129850159946656 0.7368623550000002
400 32.36489174097988 0.7324326060000003
../thesis-datasets/input_30/
0
10
20
30
40
50
60
70
80
90
File dir = 30 totalRuns = 100
10 5.6078609569154505 0.9631160367679265
20 11.566969028017276 0.9478762462475078
30 28.716918096360153 0.9216905976188052
40 29.25930464418924 0.9185705338589324
50 29.609100910576284 0.9129408231183542
60 30.423358776216755 0.9066963946072109
70 30.607066631284336 0.9012650554698888
80 30.789028485197754 0.8959078741842513
90 30.982103835489596 0.8905720958558082
100 31.165683230602752 0.885291080417839
110 31.350184404426 0.8800735758528485
120 31.537206970481737 0.8748878212243574
130 31.725484631278665 0.8697418305163389
140 31.91478242888214 0.8646602386795225
150 32.106562566195485 0.8596019797960405
160 32.29985551188504 0.854587626824746
170 32.49420390968194 0.8496402467195066
180 32.690958061797616 0.8447203145593711
190 32.889021596177926 0.8398399843200314
200 33.088566260087845 0.835021560956878
210 33.29062198454809 0.8302333165333673
220 33.49400482087712 0.8254850710298582
230 33.69852922870175 0.8207907474185052
240 33.905566776246 0.8161235437529126
250 34.114300276456945 0.8114950550098903
260 34.32459366872904 0.8069122681754641
270 34.53719690181401 0.8023643842712315
280 34.75181632850145 0.7978566522866954
290 34.96766013021448 0.7933938312123381
300 35.18622771068627 0.7889598490803018
310 35.406073051507455 0.7845660668678662
320 35.627746567850565 0.7802174395651208
330 35.852284480660636 0.7758892762214475
340 36.07796948107852 0.7716071457857083
350 36.305590952116525 0.7673624132751733
360 36.53625261613641 0.7631428277143446
370 36.768011927898485 0.7589709400581198
380 37.00148687999213 0.7548374843250314
390 37.23795887859412 0.7507277675444652
400 37.47603076654836 0.7466540916918164
shah@shah-lappy:~/Documents/Thesis$ 



================================================== rolling hash
shah@shah-lappy:~/Documents/Thesis$ java -Xmx3g LocalMinima
Running 2min Periodic
../thesis-datasets/input_10/
0
10
20
30
40
50
60
70
80
90
File dir = 10 totalRuns = 100
10 20.000120422803164 0.8345614800000003
20 31.247645615095575 0.8133297570000004
30 40.224005013542495 0.794317049
40 51.50680872629579 0.7733297330000003
50 60.61503928821692 0.755612903
60 71.95072384799943 0.7358102940000001
70 81.18838751356441 0.7183215579999999
80 92.57977089211926 0.699722232
90 101.94415569822462 0.6832320119999997
100 113.39709281779474 0.665487141
110 122.88819978532898 0.6498633389999998
120 134.3891260492538 0.6329724659999999
130 144.01080658085485 0.618184186
140 155.57576832568103 0.6019807010000001
150 165.30710845015048 0.587901318
160 176.93138588653244 0.5727253869999998
170 186.7925533086119 0.559431999
180 198.47061322062197 0.5449330459999999
190 208.42930630528448 0.5321791279999999
200 220.190571332748 0.5184332080000001
../thesis-datasets/input_15/
0
10
20
30
40
50
60
70
80
90
File dir = 15 totalRuns = 100
10 16.958116383254364 0.8890842024578989
20 30.104759312050916 0.8664798587600706
30 47.055133106394145 0.8358818990590504
40 47.61800808852471 0.8268307425846289
50 60.57334816441589 0.8056341101829448
60 77.48109503824686 0.7771162174418914
70 78.22852136130692 0.7689106385446809
80 91.35710934190442 0.7486447406776299
90 108.24808368762308 0.7222251368874316
100 109.18040908034261 0.7147387346306331
110 122.46911715296784 0.6958311090844457
120 139.3470023304448 0.6712985973507011
130 140.4629232991668 0.6644923167538415
140 153.9175831662909 0.6467938736030634
150 170.79083593602573 0.6239655810172096
160 172.0975847458385 0.6177525391237303
170 185.68754095428608 0.6013597183201408
180 202.56079421128436 0.5801226559386721
190 204.0363685672377 0.5745365407317297
200 217.78045122385888 0.5590577124711438
../thesis-datasets/input_20/
0
10
20
30
40
50
60
70
80
90
File dir = 20 totalRuns = 100
10 20.530267307314325 0.8979150439999999
20 40.057450429253066 0.8624486190000001
30 40.289267536414975 0.8587958009999999
40 62.11783886251826 0.8219236870000001
50 62.397877655295105 0.8186979769999998
60 80.58722929898188 0.786775704
70 80.95378356749123 0.7835280099999998
80 102.70125117116339 0.7497327949999998
90 103.15560898429243 0.7467044189999998
100 121.50638020637902 0.7174545689999999
110 122.05202386726387 0.7146248919999998
120 143.7262461820441 0.6837473690000002
130 144.35858744365905 0.6811206380000003
140 162.8635772250472 0.654231179
150 163.5867217143211 0.6516564739999998
160 185.19502816079796 0.623560504
170 186.01121070402863 0.621197919
180 204.66332971871117 0.5967280210000001
190 205.55729316185597 0.5944262029999998
200 227.11455259079702 0.5687545959999998
../thesis-datasets/input_25/
0
10
20
30
40
50
60
70
80
90
File dir = 25 totalRuns = 100
10 21.8289928780581 0.9064908029999998
20 25.65375954537456 0.8973022949999999
30 50.19768702516233 0.8540300269999997
40 50.4047494646439 0.8510700589999999
50 76.61984302058036 0.8075137140000002
60 76.99552266797268 0.8044881840000001
70 77.295219963658 0.8015090290000001
80 100.92964427120297 0.7627214840000001
90 101.30868742708162 0.7601300010000003
100 127.42668041688341 0.7209506229999999
110 127.99882385443024 0.7182881169999998
120 128.49565338128497 0.7157932559999999
130 152.24623999866344 0.6809994560000001
140 152.80700960844425 0.6787764299999999
150 178.85185619293222 0.6435547420000003
160 179.61790245176286 0.6413551089999997
170 180.29727893255196 0.6391909069999998
180 204.15218602446873 0.6079544840000003
190 204.90041450911067 0.6060104000000002
200 230.86626125913165 0.5748285870000001
../thesis-datasets/input_30/
0
10
20
30
40
50
60
70
80
90
File dir = 30 totalRuns = 100
10 22.75540228619956 0.9365902678194641
20 30.67636039808442 0.921291781416437
30 60.04674713768563 0.8689204351591292
40 60.31445810809208 0.8660663908672181
50 60.497212379985484 0.8636363317273363
60 91.91683810587041 0.8117926084147831
70 92.2214908557913 0.8091824756350487
80 92.49211440296308 0.8069078321843358
90 120.73212686793335 0.7609262691474619
100 121.1408550127397 0.7584610350779301
110 121.48816449926055 0.7563947782104438
120 152.6956368285717 0.7106544276911448
130 153.19909775201316 0.70843090513819
140 153.6408176645739 0.7065550908898183
150 181.9786291875623 0.6658615712768574
160 182.58065400474618 0.6637662674674649
170 183.10286214800033 0.6620105149789698
180 214.11498626855678 0.6220650328699345
190 214.81444395853958 0.6201110477779045
200 215.4306809806462 0.6184508230983536
