shah@shah-lappy:~/Documents/Thesis/code$ java -Xmx4g KarbRabin
Running KR Periodic
../../thesis-datasets/input_10/
0
10
20
30
40
50
60
70
80
90
File dir = 10 totalRuns = 100
10 20.301424741847487 0.4017671220000002
15 33.85141611263223 0.331108368
20 52.445446459945934 0.252709175
25 65.61662767730694 0.24450696299999997
30 94.07329440921673 0.150597169
35 108.41216460725421 0.15680648999999997
40 135.2905811836855 0.106420216
45 141.96081829809637 0.14290760800000002
50 161.43629596343183 0.12986096600000002
55 189.0174595820785 0.09347181
60 220.09187308852884 0.055611627
65 219.2852800580853 0.105568419
70 254.4716476250577 0.061620020000000005
75 258.1690901394617 0.09255462099999999
80 287.1883272549844 0.068421222
85 321.0770422736921 0.03701955
90 326.1339662996862 0.062202392
95 353.1707739010422 0.049321922000000004
100 378.30755957248226 0.036942549
../../thesis-datasets/input_15/
0
10
20
30
40
50
60
70
80
90
File dir = 15 totalRuns = 100
10 16.585250988437018 0.47875962762018637
15 32.34945702536076 0.3464218457890771
20 41.48711462631085 0.34062177568911195
25 58.46235224055991 0.2833820693089654
30 81.66427726045923 0.212085509957245
35 85.8051277845699 0.2531553004223498
40 105.92623979984533 0.21631153484423266
45 141.16083776638962 0.13976029111985444
50 158.7547266386551 0.12920930739534633
55 179.8680257914543 0.1128076115961942
60 193.95863464926225 0.1175455292272354
65 215.35742069295966 0.10613503593248202
70 227.96095581867658 0.11582451908774047
75 252.8768242348732 0.09625118387440805
80 257.17398157797953 0.11963085918457039
85 295.7799844964765 0.07890197554901222
90 327.39422530688176 0.05724923637538182
95 322.64206886496544 0.08985827707086147
100 359.6582490376196 0.06128279235860381
../../thesis-datasets/input_20/
0
10
20
30
40
50
60
70
80
90
File dir = 20 totalRuns = 100
10 12.242179533469988 0.5558557989999998
15 25.159213293136396 0.4256251409999999
20 31.4530056525375 0.41529526699999997
25 55.96404695201529 0.28755370900000005
30 66.40038596443354 0.28534486499999995
35 89.36020888853136 0.22392213400000002
40 81.92915396086097 0.29560846500000004
45 119.82207934670512 0.198658543
50 144.8524854742871 0.160022699
55 160.96854959239806 0.155421011
60 166.34480426007005 0.17542250800000006
65 206.11634999091905 0.11809814300000003
70 212.9710097747173 0.136831762
75 258.7907558260742 0.07906601399999998
80 234.62943332829207 0.14954137399999998
85 274.49383815379866 0.10839087599999997
90 303.4453840740518 0.087794111
95 341.8936736147301 0.055453010999999996
100 332.48679806484637 0.09164189
../../thesis-datasets/input_25/
0
10
20
30
40
50
60
70
80
90
File dir = 25 totalRuns = 100
10 13.711281250513535 0.5244688989999998
15 24.03106164556873 0.4287648130000001
20 38.54216142761125 0.34411721300000003
25 44.44762790158341 0.35386901499999995
30 71.14165487913418 0.246944946
35 87.41726560755724 0.22326465199999998
40 99.46929453782096 0.214147461
45 119.8690526698149 0.18811176599999999
50 130.38809023730113 0.19057222
55 149.19960632737005 0.17589762399999997
60 170.59176344855166 0.15296052499999999
65 190.77283263318657 0.140205641
70 214.95713706146583 0.12335884700000001
75 235.15595635611456 0.114390506
80 244.9572457068855 0.12152988
85 272.6066101632989 0.106214145
90 284.48844447883477 0.10832608600000002
95 306.4990610685191 0.098034051
100 308.03439356108817 0.11653788399999998
../../thesis-datasets/input_30/
0
10
20
30
40
50
60
70
80
90
File dir = 30 totalRuns = 100
10 13.298021764083648 0.5179122141755718
15 23.04330241182637 0.4300886608226784
20 39.307418404685116 0.32767247265505467
25 42.719782521511235 0.347753970492059
30 60.30329863432221 0.28690628118743766
35 73.63666032389462 0.26186611126777753
40 99.38379347479311 0.20815945268109462
45 106.45574777331663 0.21598406803186396
50 132.03480642542215 0.17905650588698818
55 150.69642999346436 0.1608771462457075
60 173.54062393539502 0.141253231493537
65 175.7735003742095 0.16059675580648844
70 196.9195109691488 0.1427986214027572
75 185.29214746622682 0.18696562606874786
80 240.52946884551096 0.12161569476861046
85 264.4966080424352 0.10763606672786656
90 273.4706776959359 0.11408891382217234
95 266.71487093640303 0.139756485487029
100 320.70483956956645 0.09551759996480005
shah@shah-lappy:~/Documents/Thesis/code$ javac Winnowing.java
shah@shah-lappy:~/Documents/Thesis/code$ java -Xmx4g Winnowing
Running winnowing Periodic
../../thesis-datasets/input_10/
0
10
20
30
40
50
60
70
80
90
File dir = 10 totalRuns = 100
10 7.605514849824624 0.636620162
15 9.118555688096881 0.6215765369999998
20 10.499134608384304 0.5914801540000001
25 11.240732008459078 0.560935129
30 12.213138473333805 0.5295286879999997
35 12.850407039541494 0.5018618639999999
40 13.565108750490912 0.4759094210000002
45 14.226655637829543 0.4518454340000001
50 14.939958665037672 0.4293970980000001
55 15.657564772056485 0.4083914279999999
60 16.4144002976031 0.3887967179999999
65 17.19842039221927 0.3704200559999999
70 18.019012823418525 0.35327067500000003
75 18.87527193174101 0.3371510950000002
80 19.76730713928686 0.32209742599999996
85 20.69860124430831 0.30793634100000006
90 21.666979952624573 0.294706472
95 22.675980290243945 0.28224306300000007
100 23.723265114643585 0.27057310500000004
../../thesis-datasets/input_15/
0
10
20
30
40
50
60
70
80
90
File dir = 15 totalRuns = 100
10 5.700314297830923 0.6556335231832384
15 10.984745284571657 0.5735919302040347
20 12.723543217155552 0.5630470984764505
25 14.10630842737699 0.5451152274423864
30 16.36235535324634 0.5193339303330347
35 17.152884045909843 0.49821439189280364
40 17.904744791537233 0.4783487598256201
45 18.97710344564832 0.45890440754779627
50 19.67450866083226 0.4410187524906239
55 20.382682728053272 0.424249673875163
60 21.192011489674563 0.4082889198555399
65 21.936600308021408 0.3931047744476126
70 22.70062588991167 0.3788395595802203
75 23.50958033018498 0.36529725535137236
80 24.328202641603397 0.35232143583928205
85 25.168417612654437 0.34011039594480186
90 26.04000520427853 0.328521895739052
95 26.938485179101164 0.31738115830942065
100 27.859718128812652 0.3068880245559875
../../thesis-datasets/input_20/
0
10
20
30
40
50
60
70
^Z
File dir = 20 totalRuns = 100
10 5.578848270792649 0.6556033920000001
15 8.21871683834906 0.6057454759999998
20 14.33337335685613 0.5156378289999999
25 16.04780575854004 0.5085596940000001
30 17.47523095785651 0.4944446010000003
35 18.819378228247526 0.4769084220000001
40 21.775446421150615 0.45641917000000004
45 22.635324118573955 0.440229124
50 23.451174526913718 0.42496673499999993
55 24.287278744023553 0.4104829439999999
60 25.595546308446373 0.3964066849999998
65 26.371808961026385 0.383479024
70 27.160401278480116 0.3712366769999999
75 27.97693874294284 0.35957464099999975
80 28.923333658361567 0.34846271700000014
85 29.76586406354572 0.33801346099999996
90 30.631933774752657 0.3280618640000001
95 31.52557317641761 0.318552388
100 32.46606731681692 0.30954762899999994
../../thesis-datasets/input_25/
0
10
20
30
40
50
60
70
80
90
File dir = 25 totalRuns = 100
10 5.678030884901256 0.655561382
15 8.413671350228173 0.6053024510000002
20 11.015621356289827 0.5623607369999999
25 17.94918371052635 0.46556490999999994
30 19.629753139883665 0.45921429799999985
35 21.041971657385115 0.4476903120000002
40 22.44904769805829 0.4337010540000001
45 23.77352433521651 0.41884391299999996
50 27.213632465567454 0.402992308
55 28.133178679741 0.39027506599999984
60 29.011608554994694 0.3782384799999998
65 29.902371261935883 0.36684825399999993
70 30.77795733965952 0.355994545
75 32.26864186946915 0.34542590699999987
80 33.11834750283799 0.335616528
85 33.97656555624776 0.3262806869999999
90 34.85320756510224 0.31741475299999994
95 35.74235546640182 0.30894436299999994
100 36.79459871853104 0.300859564
../../thesis-datasets/input_30/
0
10
20
30
40
50
60
70
80
90
File dir = 30 totalRuns = 100
10 5.588097888759867 0.6561497627004748
15 8.158136877540507 0.604023150953698
20 10.863386407366866 0.5592626464747074
25 13.325565258099566 0.5185185059629879
30 21.473101002819803 0.41891419017161974
35 23.254955930835322 0.4149131781736437
40 24.737001997364 0.4066243637512725
45 26.075377456343666 0.39605080089839817
50 27.46013304133247 0.38515635368729273
55 28.796478723898172 0.3740109609780782
60 32.93777032374663 0.36216623966752054
65 33.90043502942872 0.35258354083291843
70 34.81357326806955 0.34346550006899995
75 35.69855031602849 0.33474171551656895
80 36.607504882547694 0.3263252353495294
85 37.51879436732456 0.31825991848016305
90 39.22582316089949 0.31041654616690767
95 40.09759681639716 0.30297768704462585
100 40.971547856459686 0.29588100723798544

shah@shah-lappy:~/Documents/Thesis/code$ java -Xmx4g LocalMinima
Running 2min Periodic
../../thesis-datasets/input_10/
10
20
30
40
50
60
70
80
90
100
File dir = 10 totalRuns = 100
10 78.88244834105146 0.0
15 110.88209370501563 0.0
20 158.525293971536 0.0
25 171.70813082925073 0.0
30 222.9431709647048 0.0
35 231.61580000661226 0.0
40 246.9594176795252 0.0
45 253.77674167766708 0.0
50 261.9734406331229 0.0
55 268.8126507934233 0.0
60 276.09622924885184 0.0
65 283.2875664045502 0.0
70 290.6161991006083 0.0
75 297.98494796905516 0.0
80 305.58399207265865 0.0
85 313.19145750345865 0.0
90 320.9055432027798 0.0
95 328.7498157385893 0.0
100 336.69116676897124 0.0
../../thesis-datasets/input_20/
10
20
30
40
50
60
70
80
90
100
File dir = 20 totalRuns = 100
10 20.47150005795341 0.476214867
15 23.995418606716907 0.44355039100000004
20 147.12172949876893 0.0
25 167.80627920096032 0.0
30 183.7670779851798 0.0
35 192.22985472320613 0.0
40 467.7953860836606 0.0
45 488.19799531616763 0.0
50 504.40508889227755 0.0
55 513.8396200530827 0.0
60 934.9073590814456 0.0
65 954.0233547721888 0.0
70 970.3851317760841 0.0
75 979.4584335196497 0.0
80 1181.10737126265 0.0
85 1188.4248357567128 0.0
90 1198.040397316433 0.0
95 1205.0350292558444 0.0
100 1236.2678374701984 0.0
../../thesis-datasets/input_30/
