shah@DESKTOP-NKCO3P7 /cygdrive/c/Users/shah/Documents/thesis_git/code
$ java -Xmx3g KarbRabin
Running KarbRabin archive
0
200
400
600
800
1000
1200
1400
1600
1800
2000
2200
2400
2600
2800
3000
3200
3400
3600
3800
4000
4200
4400
Printing six_month
100 103.49472023867762 0.524511674036988
150 161.99042980926993 0.4543536549714562
200 192.81021454406658 0.437017143892992
250 287.49170642339743 0.3975474806850114
300 419.5128275068455 0.37819899595527406
350 423.0551589244477 0.35588007868969934
400 418.2695338888147 0.334351888176728
450 614.0886613747426 0.2939413919251613
500 585.8541189228971 0.3502317594955404
550 696.6274656163374 0.3389455828942801
600 772.8061452175708 0.31302123700831175
650 805.8458560116526 0.29467652866846233
700 882.7408715704732 0.28082729951832924
750 892.1007221513254 0.28948449058072917
800 826.83821405003 0.27349100224048306
850 1044.6655814226438 0.270593488229483
900 1243.08363246114 0.25340214167024394
950 1295.5196124532467 0.24610066852105822
1000 1148.4941064698203 0.2757068944079886
1050 1413.2750271316108 0.253992779257022
1100 1570.2898871619414 0.26318655857083456
1150 1906.7042502159409 0.21066551299334588
1200 2183.1979854109077 0.21318964622069508
1250 1712.8526025967954 0.20761699191544175
1300 2378.550878613503 0.20691055500125316
1350 1972.162242783657 0.23147921821867448
1400 1873.5712094868572 0.245540811544268
1450 1432.748672054112 0.23810537487422165
1500 1796.9005004027883 0.22020225611772404
1550 2892.1139593599096 0.17101062867757752
1600 1970.7226456130509 0.20955585575003627
1650 2309.8949967822364 0.1854945767292869
1700 1773.8291805810497 0.23962227644873732
1750 2710.6062271165374 0.19790204166301908
1800 2459.904987118673 0.2136210620815382
1850 2614.8475169836524 0.18227933517486533
1900 2849.952092433931 0.19013037159769444
1950 2948.307591020521 0.1986473470584598
2000 3001.6553932842285 0.17783979811145914
Printing last year
100 103.49472023867762 0.46652390657426385
150 161.99042980926993 0.40539518064111524
200 192.81021454406658 0.39087326557614566
250 287.49170642339743 0.3570358701218519
300 419.5128275068455 0.33942703002328756
350 423.0551589244477 0.3197780682868737
400 418.2695338888147 0.3015688247096429
450 614.0886613747426 0.2637436576487566
500 585.8541189228971 0.31847988185544823
550 696.6274656163374 0.3090631989286428
600 772.8061452175708 0.285803263867269
650 805.8458560116526 0.2678089726367767
700 882.7408715704732 0.25464281116441273
750 892.1007221513254 0.26602524279559997
800 826.83821405003 0.2488527319077034
850 1044.6655814226438 0.2423395744360457
900 1243.08363246114 0.2315184043785069
950 1295.5196124532467 0.22350709463442894
1000 1148.4941064698203 0.25357628067655397
1050 1413.2750271316108 0.23289610367810903
1100 1570.2898871619414 0.24297477973456352
1150 1906.7042502159409 0.19002491439251876
1200 2183.1979854109077 0.19723319891888647
1250 1712.8526025967954 0.1888569944012528
1300 2378.550878613503 0.18917246999247578
1350 1972.162242783657 0.21411712219771037
1400 1873.5712094868572 0.2275367005687724
1450 1432.748672054112 0.21938223400230517
1500 1796.9005004027883 0.2036595949142609
1550 2892.1139593599096 0.15832518656888794
1600 1970.7226456130509 0.19168576576942756
1650 2309.8949967822364 0.17038093668528836
1700 1773.8291805810497 0.22210620716438662
1750 2710.6062271165374 0.18234959551282068
1800 2459.904987118673 0.19859406813286923
1850 2614.8475169836524 0.16755918702542208
1900 2849.952092433931 0.17453894775659456
1950 2948.307591020521 0.18482575701774964
2000 3001.6553932842285 0.16312290877140526
Printing two year
100 103.49472023867762 0.3980446042563084
150 161.99042980926993 0.34806486693749156
200 192.81021454406658 0.3390192253007991
250 287.49170642339743 0.31128389019244074
300 419.5128275068455 0.29684954094678717
350 423.0551589244477 0.2808977996240211
400 418.2695338888147 0.2668455589096235
450 614.0886613747426 0.2326135377552331
500 585.8541189228971 0.28364695938989143
550 696.6274656163374 0.2756995277615815
600 772.8061452175708 0.2560276939457154
650 805.8458560116526 0.23904525807876054
700 882.7408715704732 0.2276322569719716
750 892.1007221513254 0.239293142720315
800 826.83821405003 0.22300149949272446
850 1044.6655814226438 0.21904953285948417
900 1243.08363246114 0.20943726818124378
950 1295.5196124532467 0.20011711079723915
1000 1148.4941064698203 0.2281958966988916
1050 1413.2750271316108 0.21180541790045454
1100 1570.2898871619414 0.21892732773258053
1150 1906.7042502159409 0.16812958212552473
1200 2183.1979854109077 0.17864046465376401
1250 1712.8526025967954 0.17077744894242342
1300 2378.550878613503 0.1701711640598484
1350 1972.162242783657 0.19623845804152273
1400 1873.5712094868572 0.20939824886549419
1450 1432.748672054112 0.20065555595866102
1500 1796.9005004027883 0.18446677192275052
1550 2892.1139593599096 0.14330582934236327
1600 1970.7226456130509 0.17427655595415653
1650 2309.8949967822364 0.15437899857481974
1700 1773.8291805810497 0.2053465687728276
1750 2710.6062271165374 0.16663333994158844
1800 2459.904987118673 0.1840375574853022
1850 2614.8475169836524 0.15225560218473605
1900 2849.952092433931 0.15952891437692343
1950 2948.307591020521 0.17072320433648452
2000 3001.6553932842285 0.14851197234411856



-================== winnowing
shah@DESKTOP-NKCO3P7 /cygdrive/c/Users/shah/Documents/thesis_git/code
$ java -Xmx3g Winnowing
Running winnowing archive
0
200
400
600
800
1000
1200
1400
1600
1800
2000
2200
2400
2600
2800
3000
3200
3400
3600
3800
4000
4200
4400
Printing six_month
100 49.907119959990034 0.6255343059672765
150 75.54200235526655 0.5714221773785269
200 100.67210309938073 0.5350633487122746
250 126.11503116910536 0.5022915685304624
300 149.0492776646282 0.4804114451862535
350 174.51536090800238 0.4622701420270251
400 200.56911507056577 0.4432143665995159
450 223.15165154709373 0.43056203206294147
500 243.9140009600948 0.4155714148286949
550 268.6371504532063 0.4070617233332515
600 287.1387474274225 0.3989880957885454
650 309.32267220213095 0.39141602382807955
700 334.0731793137466 0.38461505640586574
750 359.0512344236888 0.3780815310232059
800 377.1799607173771 0.3715707794013178
850 397.8057785319523 0.36699094882077266
900 419.3145694092848 0.35726806810655604
950 437.34040271453483 0.35277919011090064
1000 465.4575439642736 0.3486618480126915
1050 495.0094317545204 0.34334196471667977
1100 512.4421251952716 0.3394465143953623
1150 543.88220356936 0.33628096348381087
1200 571.2957945775114 0.3331425408270402
1250 601.5291031342803 0.32900492537356235
1300 617.2261817150811 0.32638653555273545
1350 635.3059035687644 0.3239880499210588
1400 653.7583037220663 0.32110353506443695
1450 677.0342895149022 0.3176448839573592
1500 705.8299846773098 0.315041293732273
1550 721.8818506570548 0.31264992933686103
1600 740.4956818724505 0.3105681840187259
1650 762.4941183938328 0.3086909118702847
1700 781.525147521415 0.3067705291982198
1750 796.2462890338379 0.3050921220851419
1800 820.4400583237525 0.3032942450964805
1850 836.3924616111185 0.3010889418509717
1900 872.0568993600006 0.2993720276039622
1950 892.2375193202273 0.2969124899347367
2000 907.5778655834612 0.29540158264811045
2050 921.9794628574053 0.2941239193258795
2100 943.8356080563144 0.29178632615896993
2150 975.9003405880663 0.28945964629965276
2200 999.926619015874 0.28812035670387137
2250 1017.229887245525 0.28698672190114555
2300 1038.0253174358638 0.2860078382599922
2350 1058.320875552957 0.2834777591787611
2400 1072.4631748167794 0.28248236685352607
2450 1093.9043957006966 0.27961748520055857
2500 1108.8913102265346 0.2784663927284104
2550 1122.7399957674518 0.2775811604031206
2600 1143.4219413382752 0.2767307166641799
2650 1165.8477916573515 0.27585385692288333
2700 1178.8652283328322 0.27504895628994863
2750 1201.199558056335 0.27309648243133516
2800 1214.3541093598412 0.2722969615475498
2850 1227.6360761937267 0.2716447646510538
2900 1241.0094987294785 0.2707762748332762
2950 1285.9405816624128 0.2700150527728265
3000 1298.5582775499995 0.2693678203832761
3050 1323.075244869968 0.2688446745531616
3100 1381.4184843518967 0.25756008827934357
3150 1395.5224632811153 0.25679844897491194
3200 1410.0826044645173 0.25514909589710016
3250 1423.595026847992 0.2544774028313963
3300 1437.4257671972498 0.2538831425044842
3350 1450.8821479155763 0.2532861022059633
3400 1477.7233664497219 0.2526957146625618
3450 1491.296703634969 0.25204597908410475
3500 1504.7162473635242 0.2514993734038403
Printing last year
100 49.907119959990034 0.5481803889208017
150 75.54200235526655 0.5002594825544081
200 100.67210309938073 0.4692354399837176
250 126.11503116910536 0.4400534432127182
300 149.0492776646282 0.42155652859408277
350 174.51536090800238 0.40583176865055015
400 200.56911507056577 0.3892364540656101
450 223.15165154709373 0.3785984380568848
500 243.9140009600948 0.3651460436430888
550 268.6371504532063 0.3582947033205948
600 287.1387474274225 0.35169193280716077
650 309.32267220213095 0.3454764644442673
700 334.0731793137466 0.3404100722184467
750 359.0512344236888 0.3341430969906709
800 377.1799607173771 0.3287505796940026
850 397.8057785319523 0.3250482841248289
900 419.3145694092848 0.31707274920884065
950 437.34040271453483 0.3132699438950544
1000 465.4575439642736 0.3100771749902197
1050 495.0094317545204 0.3054678004881665
1100 512.4421251952716 0.3023546757212901
1150 543.88220356936 0.29979604307143154
1200 571.2957945775114 0.29727583705172994
1250 601.5291031342803 0.2736388892868815
1300 617.2261817150811 0.27163828942007584
1350 635.3059035687644 0.26971128580254544
1400 653.7583037220663 0.26728800443665246
1450 677.0342895149022 0.2645338670964118
1500 705.8299846773098 0.26241930281266823
1550 721.8818506570548 0.26062040059783836
1600 740.4956818724505 0.2590314255144353
1650 762.4941183938328 0.257571823468316
1700 781.525147521415 0.25606402478760726
1750 796.2462890338379 0.2547763250728738
1800 820.4400583237525 0.2533025678428438
1850 836.3924616111185 0.2514555719501139
1900 872.0568993600006 0.2500850982519505
1950 892.2375193202273 0.2481254571128107
2000 907.5778655834612 0.24703012769317978
2050 921.9794628574053 0.2461436674545958
2100 943.8356080563144 0.24425698744835878
2150 975.9003405880663 0.24220009331343909
2200 999.926619015874 0.24124076995622198
2250 1017.229887245525 0.2404120747596287
2300 1038.0253174358638 0.23961496516213215
2350 1058.320875552957 0.23748587806290594
2400 1072.4631748167794 0.23678997779094935
2450 1093.9043957006966 0.23425886645288513
2500 1108.8913102265346 0.23331131519792514
2550 1122.7399957674518 0.2325662431255735
2600 1143.4219413382752 0.2319072373799279
2650 1165.8477916573515 0.2312179909267705
2700 1178.8652283328322 0.23056484604365574
2750 1201.199558056335 0.22884890903760038
2800 1214.3541093598412 0.2281812353685439
2850 1227.6360761937267 0.22755770828134186
2900 1241.0094987294785 0.22680883562009507
2950 1285.9405816624128 0.2262720895446574
3000 1298.5582775499995 0.22575869374522567
3050 1323.075244869968 0.22535230091218036
3100 1381.4184843518967 0.18914313348463602
3150 1395.5224632811153 0.18855788197968867
3200 1410.0826044645173 0.18802204215504803
3250 1423.595026847992 0.18757819147284938
3300 1437.4257671972498 0.18708416777561607
3350 1450.8821479155763 0.18661865591931906
3400 1477.7233664497219 0.18620182396035811
3450 1491.296703634969 0.18574991466359664
3500 1504.7162473635242 0.1853331838835155
Printing two year
100 49.907119959990034 0.4557573084553896
150 75.54200235526655 0.4181453486623235
200 100.67210309938073 0.39490443534090486
250 126.11503116910536 0.37134363462314146
300 149.0492776646282 0.35730270726122487
350 174.51536090800238 0.3452488742344989
400 200.56911507056577 0.33129692253560433
450 223.15165154709373 0.3231086840724597
500 243.9140009600948 0.3122677047737437
550 268.6371504532063 0.30730339368382625
600 287.1387474274225 0.30250728158695067
650 309.32267220213095 0.2980815621512508
700 334.0731793137466 0.2946898989521495
750 359.0512344236888 0.28944900636381327
800 377.1799607173771 0.285670923226737
850 397.8057785319523 0.28304581532511675
900 419.3145694092848 0.2762997194248568
950 437.34040271453483 0.27356755392928517
1000 465.4575439642736 0.27122660542456634
1050 495.0094317545204 0.26758694364842833
1100 512.4421251952716 0.26528660289236056
1150 543.88220356936 0.2636026024366009
1200 571.2957945775114 0.26165957049101124
1250 601.5291031342803 0.2389956098767715
1300 617.2261817150811 0.23760805488949932
1350 635.3059035687644 0.23622855481725735
1400 653.7583037220663 0.2345612577169776
1450 677.0342895149022 0.23245481638109264
1500 705.8299846773098 0.23091048576011375
1550 721.8818506570548 0.22965547025913402
1600 740.4956818724505 0.22857040519592126
1650 762.4941183938328 0.22742363836824747
1700 781.525147521415 0.22641697901258231
1750 796.2462890338379 0.22554982845114602
1800 820.4400583237525 0.22456064610289667
1850 836.3924616111185 0.2229234462419747
1900 872.0568993600006 0.22191665650485104
1950 892.2375193202273 0.22035248133502808
2000 907.5778655834612 0.21954029472139852
2050 921.9794628574053 0.21886205873235412
2100 943.8356080563144 0.21728192499479076
2150 975.9003405880663 0.21564196139821667
2200 999.926619015874 0.21492276893453716
2250 1017.229887245525 0.2143432730921519
2300 1038.0253174358638 0.21387565792111438
2350 1058.320875552957 0.21202290295042786
2400 1072.4631748167794 0.21156301887149206
2450 1093.9043957006966 0.20934799228646706
2500 1108.8913102265346 0.20860499566245483
2550 1122.7399957674518 0.20802594855174103
2600 1143.4219413382752 0.20759569290376048
2650 1165.8477916573515 0.20706472832396353
2700 1178.8652283328322 0.2066138716332042
2750 1201.199558056335 0.20506447814977827
2800 1214.3541093598412 0.20468027573811243
2850 1227.6360761937267 0.2042763946274342
2900 1241.0094987294785 0.2037801603657295
2950 1285.9405816624128 0.2034401840170143
3000 1298.5582775499995 0.2030899705347225
3050 1323.075244869968 0.20282785194504013
3100 1381.4184843518967 0.16712627834795485
3150 1395.5224632811153 0.1667766769925964
3200 1410.0826044645173 0.16632274306422776
3250 1423.595026847992 0.1659996073953799
3300 1437.4257671972498 0.16566266897137816
3350 1450.8821479155763 0.16540795458740568
3400 1477.7233664497219 0.16513881059803476
3450 1491.296703634969 0.1647894114154239
3500 1504.7162473635242 0.16457533707107383
