100 217.0409885159481 0.4473216992692879
150 333.62081009182276 0.4004865651218892
200 471.2156643696263 0.3577734023380902
250 588.3422174288748 0.3373199004676529
300 701.1464594424231 0.3230151131015221
350 835.4183940303601 0.3096978540872225
400 1009.2821404549718 0.2959186391444826
450 1145.6118849085876 0.2869797102085078
500 1257.8758061421117 0.280258157124661
550 1374.2742642822268 0.2751223023696651
600 1493.0175832504535 0.25860369593684895
650 1598.9859045687374 0.25416072834412684
700 1694.3281479827021 0.2520660503675926
750 1804.8362958704597 0.24915596042424204
800 1919.1981885956104 0.2464700079457291
850 2007.941952014097 0.24386228543825988
900 2213.8694909595097 0.22425362538555538
950 2344.391700755733 0.21641770121626328
1000 2442.482533202913 0.21397824609896063
Printing last year
100 217.0409885159481 0.39326532673592135
150 333.62081009182276 0.3554192609468204
200 471.2156643696263 0.31915424105199425
250 588.3422174288748 0.30375518682781955
300 701.1464594424231 0.2902275984941032
350 835.4183940303601 0.2791913387653312
400 1009.2821404549718 0.26786856184305496
450 1145.6118849085876 0.2607431718699562
500 1257.8758061421117 0.25550959267701595
550 1374.2742642822268 0.23194429215892767
600 1493.0175832504535 0.21684513891476695
650 1598.9859045687374 0.21393999068362712
700 1694.3281479827021 0.212067168571591
750 1804.8362958704597 0.20969829192374217
800 1919.1981885956104 0.20786836295552505
850 2007.941952014097 0.20579839089041138
900 2213.8694909595097 0.1871727220858635
950 2344.391700755733 0.18280319018128327
1000 2442.482533202913 0.1810545617913359
Printing two year
100 217.0409885159481 0.33595549821618365
150 333.62081009182276 0.30737598161945373
200 471.2156643696263 0.2768881639900911
250 588.3422174288748 0.2646990470178095
300 701.1464594424231 0.2563436214078257
350 835.4183940303601 0.24854602166767023
400 1009.2821404549718 0.23944996152147527
450 1145.6118849085876 0.23419953661929105
500 1257.8758061421117 0.23019302666628416
550 1374.2742642822268 0.2271679485755279
600 1493.0175832504535 0.21367353812026574
650 1598.9859045687374 0.21153100314068898
700 1694.3281479827021 0.21031832641754084
750 1804.8362958704597 0.20891865440405955
800 1919.1981885956104 0.2075781744104664
850 2007.941952014097 0.20619351981157624
900 2213.8694909595097 0.18807785696359441
950 2344.391700755733 0.18160594344907982
1000 2442.482533202913 0.18007735935185984