========== Running KR + ../../thesis-datasets/morph_file_100MB/ runs 100
100 99.89600825540612 2526128929
150 149.86235143021136 2480352947
200 199.99280025919066 1384377643
250 249.7633492266078 2472177516
300 299.5949476308032 1376608270
350 349.577011815703 2663548435
400 399.16972696790674 1380577287
450 449.3513613099491 1379960575
500 499.1414766601446 1375513967
550 549.6740432923276 2463321346
600 598.6876766128646 1371433711
650 649.4940441396152 1375044725
700 697.797750300053 1372412365
750 752.3322299127294 1374646298
800 799.0858457924135 1370067536
850 853.0458000290035 2473793471
900 897.5935516879247 1370184817
950 946.2797013541262 1367348117
1000 1000.4301849795412 1373251003

shah@DESKTOP-NKCO3P7 /cygdrive/c/Users/shah/Documents/thesis_git/code
$ javac WinnowingTiming.java

shah@DESKTOP-NKCO3P7 /cygdrive/c/Users/shah/Documents/thesis_git/code
$ java -Xmx4g WinnowingTiming
========== Running WinnowingTiming  100 varianceFile.txt
100 50.49691489098473 4182943057
150 75.50030275621405 4128241145
200 100.58904947371809 1207111948
250 125.56488502651302 2530658348
300 150.5543410838708 2525853032
350 175.5880003160584 2639452993
400 200.5857102740001 1055901425
450 225.6735226282841 1048967771
500 250.70070848020217 2512066272
550 275.47526369869615 2510423076
600 300.5051491557308 1044493444
650 325.2529654939129 1165786080
700 350.22957548673156 1042490419
750 375.127543364744 2506984952
800 400.3442960946414 1042049695
850 424.93700308929203 1040956409
900 450.3672745123648 1038733587
950 475.2174119659744 2376349022
1000 499.87253250421145 1159096887

shah@DESKTOP-NKCO3P7 /cygdrive/c/Users/shah/Documents/thesis_git/code
$ javac TdddTiming.java

shah@DESKTOP-NKCO3P7 /cygdrive/c/Users/shah/Documents/thesis_git/code
$ java -Xmx4g TdddTiming
========== Running TDDD  100 varianceFile.txt
100 51 26 192.02482496937205 2561958339
150 76 38 288.44545208055706 2399398460
200 101 51 384.63165749320166 2387290826
250 126 63 481.3848479305265 2371593223
300 151 76 576.8975603002175 2244996537
350 176 88 674.6500252993759 1989640020
400 201 101 770.8198439860636 2231176515
450 226 113 865.830851284893 2213945152
500 251 126 963.5489434685835 2102849194
550 276 138 1058.7052035360755 1960327695
600 301 151 1156.403584851113 2328536436
650 326 163 1253.6041118214869 1948866643
700 351 176 1348.81776123228 1949027512
750 376 188 1447.3874656245478 2303571268
800 401 201 1540.4997381150445 1939733076
850 426 213 1639.989504067174 1934606629
900 451 226 1732.9220531660485 1932881130
950 476 238 1825.917066846824 2040438091
1000 501 251 1926.7822736030828 2200999296
